DU21 airfoil with an aspect ratio of 17.  Original -180 to 180deg Cl, Cd, and Cm versus AOA data taken from Appendix A of DOWEC document 10046_009.pdf (numerical values obtained from Koert Lindenburg of ECN).
Cl and Cd values corrected for rotational stall delay and Cd values corrected using the Viterna method for 0 to 90deg AOA by Jason Jonkman using AirfoilPrep_v2p0.xls.
one more line
1        Number of airfoil tables in this file
 1.0     Reynolds numbers in millions
 0.0      Control setting
 8.0      Stall angle (deg)
 -5.0609      Zero lift angle of attack (deg)
 6.2047      Cn slope for zero lift (dimensionless)
 1.4144      Cn at stall value for positive angle of attack
 -0.5324      Cn at stall value for negative angle of attack
  -1.50     Angle of attack for minimum CD (deg)
   0.0057   Minimum CD value
-180.0   0.0000  0.0185  0.0000
-175.0   0.3941  0.0332  0.1978
-170.0   0.7883  0.0945  0.3963
-160.0   0.6698  0.2809  0.2738
-155.0   0.7488  0.3932  0.3118
-150.0   0.7973  0.5112  0.3413
-145.0   0.8179  0.6309  0.3636
-140.0   0.8134  0.7485  0.3799
-135.0   0.7863  0.8612  0.3911
-130.0   0.7393  0.9665  0.3980
-125.0   0.6751  1.0625  0.4012
-120.0   0.5960  1.1476  0.4014
-115.0   0.5046  1.2206  0.3990
-110.0   0.4031  1.2805  0.3943
-105.0   0.2938  1.3265  0.3878
-100.0   0.1788  1.3582  0.3796
 -95.0   0.0604  1.3752  0.3700
 -90.0  -0.0595  1.3774  0.3591
 -85.0  -0.1787  1.3648  0.3471
 -80.0  -0.2952  1.3376  0.3340
 -75.0  -0.4070  1.2962  0.3199
 -70.0  -0.5119  1.2409  0.3049
 -65.0  -0.6078  1.1725  0.2890
 -60.0  -0.6926  1.0919  0.2722
 -55.0  -0.7640  1.0002  0.2545
 -50.0  -0.8197  0.8990  0.2359
 -45.0  -0.8574  0.7900  0.2163
 -40.0  -0.8746  0.6754  0.1958
 -35.0  -0.8690  0.5579  0.1744
 -30.0  -0.8382  0.4405  0.1520
 -25.0  -0.7907  0.3256  0.1262
 -24.0  -0.7943  0.3013  0.1170
 -23.0  -0.8048  0.2762  0.1059
 -22.0  -0.8214  0.2506  0.0931
 -21.0  -0.8431  0.2246  0.0788
 -20.0  -0.8691  0.1983  0.0631
 -19.0  -0.8985  0.1720  0.0464
 -18.0  -0.9305  0.1457  0.0286
 -17.0  -0.9642  0.1197  0.0102
 -16.0  -0.9987  0.0940 -0.0088
 -15.0  -1.0331  0.0689 -0.0281
 -14.5  -1.0500  0.05665 -0.0378
 -12.005 -0.9530 0.02713 -0.03490
 -11.001 -0.900  0.03026 -0.03608
  -9.983 -0.8270 0.02869 -0.04640
-8.124   -0.536   0.01235   -0.08211
-7.617   -0.467   0.01094   -0.09239
-7.107   -0.393   0.00916   -0.10145
-6.595   -0.323   0.00826   -0.10732
 -6.5  -0.311  0.00887  -0.1083
 -6.0  -0.245  0.00821  -0.1112
 -5.5  -0.178  0.00738  -0.1146
 -5.0  -0.113  0.00689  -0.1172
 -4.5  -0.048  0.00651  -0.1194
 -4.0   0.016  0.00631  -0.1213
 -3.5   0.080  0.00610  -0.1232
 -3.0   0.145  0.00582  -0.1252
 -2.5   0.208  0.00574  -0.1268
 -2.0   0.270  0.00570  -0.1282
 -1.5   0.333  0.00567  -0.1297
 -1.0   0.396  0.00568  -0.1310
 -0.5   0.458  0.00567  -0.1324
  0.0   0.521  0.00569  -0.1337
  0.5   0.583  0.00574  -0.1350
  1.0   0.645  0.00576  -0.1363
  1.5   0.706  0.00585  -0.1374
  2.0   0.768  0.00592  -0.1385
  2.5   0.828  0.00605  -0.1395
  3.0   0.888  0.00627  -0.1403
  3.5   0.948  0.00664  -0.1406
  4.0   0.996  0.00708  -0.1398
  4.5   1.046  0.00794  -0.1390
  5.0   1.095  0.00903  -0.1378
  5.5   1.145  0.01029  -0.1369
  6.0   1.191  0.01135  -0.1353
  6.5   1.238  0.01220  -0.1338
  7.0   1.282  0.01308  -0.1317
  7.5   1.323  0.01388  -0.1291
  8.0   1.356  0.01469  -0.1249
  8.5   1.383  0.01578  -0.1213
  9.0   1.400  0.01800  -0.1177
  9.5   1.397  0.02090  -0.1142
 10.0   1.352  0.02520  -0.1103
 10.5   1.306  0.02962  -0.1066
 11.0   1.278  0.03406  -0.1032
 11.5   1.264  0.03932  -0.1002
 12.0   1.261  0.04582  -0.0971
 12.5   1.261  0.05330  -0.0940
 13.0   1.260  0.06192  -0.0909
 13.5   1.259  0.07062  -0.0883
 14.0   1.257  0.07879  -0.0865
 14.5   1.257  0.08793  -0.0854
 15.0   1.258  0.09629  -0.0849
 15.5   1.264  0.10484  -0.0847
 16.0   1.266  0.11409  -0.0850
 16.5   1.278  0.12390  -0.0858
 17.0   1.287  0.13340  -0.0869
 17.5   1.289  0.14269  -0.0883
 18.0   1.288  0.15221  -0.0901
 18.5   1.287  0.16215  -0.0922
 19.0   1.287  0.17238  -0.0949
 19.5   1.285  0.18285  -0.0980
 20.0   1.289  0.19349  -0.1017
 20.5   1.302  0.20448  -0.1059
 21.0   1.301  0.21560  -0.1105
  22.0   1.2522  0.2432 -0.1172
  23.0   1.2030  0.2711 -0.1239
  24.0   1.1545  0.2993 -0.1305
  25.0   1.1075  0.3277 -0.1370
  26.0   1.0630  0.3561 -0.1433
  28.0   0.9857  0.4125 -0.1556
  30.0   0.9302  0.4675 -0.1671
  32.0   0.9044  0.5203 -0.1778
  35.0   0.9143  0.5954 -0.1923
  40.0   0.9190  0.7194 -0.2154
  45.0   0.8995  0.8399 -0.2374
  50.0   0.8586  0.9543 -0.2583
  55.0   0.7988  1.0603 -0.2782
  60.0   0.7226  1.1560 -0.2971
  65.0   0.6324  1.2400 -0.3149
  70.0   0.5307  1.3111 -0.3318
  75.0   0.4196  1.3684 -0.3476
  80.0   0.3015  1.4111 -0.3625
  85.0   0.1786  1.4388 -0.3763
  90.0   0.0529  1.4512 -0.3890
  95.0  -0.0734  1.4480 -0.4004
 100.0  -0.1980  1.4294 -0.4105
 105.0  -0.3189  1.3954 -0.4191
 110.0  -0.4339  1.3464 -0.4260
 115.0  -0.5405  1.2829 -0.4308
 120.0  -0.6366  1.2057 -0.4333
 125.0  -0.7196  1.1157 -0.4330
 130.0  -0.7870  1.0144 -0.4294
 135.0  -0.8361  0.9033 -0.4219
 140.0  -0.8643  0.7845 -0.4098
 145.0  -0.8687  0.6605 -0.3922
 150.0  -0.8465  0.5346 -0.3682
 155.0  -0.7948  0.4103 -0.3364
 160.0  -0.7108  0.2922 -0.2954
 170.0  -0.7883  0.0969 -0.3966
 175.0  -0.3941  0.0334 -0.1978
 180.0   0.0000  0.0185  0.0000
EOT