DU30 airfoil with an aspect ratio of 17.  Original -180 to 180deg Cl, Cd, and Cm versus AOA data taken from Appendix A of DOWEC document 10046_009.pdf (numerical values obtained from Koert Lindenburg of ECN).
Cl and Cd values corrected for rotational stall delay and Cd values corrected using the Viterna method for 0 to 90deg AOA by Jason Jonkman using AirfoilPrep_v2p0.xls.
line
1        Number of airfoil tables in this file
   1.0     Reynolds numbers in millions
 0.0      Control setting
 9.00     Stall angle (deg)
  -2.3220   Zero Cn angle of attack (deg)
   7.3326   Cn slope for zero lift (dimensionless)
   1.4490   Cn extrapolated to value at positive stall angle of attack
  -0.6138   Cn at stall value for negative angle of attack
   0.00     Angle of attack for minimum CD (deg)
   0.0087   Minimum CD value
-180.0   0.0000  0.0267  0.0000
-175.0   0.2736  0.0370  0.1379
-170.0   0.5472  0.0968  0.2778
-160.0   0.6854  0.2876  0.2740
-155.0   0.7661  0.4025  0.3118
-150.0   0.8155  0.5232  0.3411
-145.0   0.8364  0.6454  0.3631
-140.0   0.8315  0.7656  0.3791
-135.0   0.8037  0.8807  0.3899
-130.0   0.7555  0.9882  0.3965
-125.0   0.6897  1.0861  0.3994
-120.0   0.6088  1.1730  0.3992
-115.0   0.5152  1.2474  0.3964
-110.0   0.4114  1.3084  0.3915
-105.0   0.2997  1.3552  0.3846
-100.0   0.1823  1.3875  0.3761
 -95.0   0.0613  1.4048  0.3663
 -90.0  -0.0612  1.4070  0.3551
 -85.0  -0.1830  1.3941  0.3428
 -80.0  -0.3020  1.3664  0.3295
 -75.0  -0.4162  1.3240  0.3153
 -70.0  -0.5234  1.2676  0.3001
 -65.0  -0.6215  1.1978  0.2841
 -60.0  -0.7082  1.1156  0.2672
 -55.0  -0.7812  1.0220  0.2494
 -50.0  -0.8383  0.9187  0.2308
 -45.0  -0.8769  0.8074  0.2113
 -40.0  -0.8947  0.6904  0.1909
 -35.0  -0.8891  0.5703  0.1696
 -30.0  -0.8576  0.4503  0.1475
 -25.0  -0.8324  0.3357  0.1224
 -24.0  -0.8523  0.3147  0.1156
 -23.0  -0.8815  0.2946  0.1081
 -22.0  -0.9188  0.2752  0.1000
 -21.0  -0.9631  0.2566  0.0914
 -20.0  -1.0130  0.2388  0.0823
 -19.0  -1.0674  0.2218  0.0728
 -18.0  -1.1250  0.2056  0.0631
 -17.0  -1.1846  0.1901  0.0531
 -16.0  -1.2450  0.1754  0.0430
-15.25       -1.29        0.16488      0.0353
-14.244      -1.229       0.14609      0.02401
-13.239      -1.148       0.1263       0.00999
-12.221      -1.052       0.10511      -0.00903
-11.215      -0.965       0.08861      -0.02295
-10.192      -0.867       0.07396      -0.0336
-9.702      -0.822       0.06835      -0.03753
-9.178      -0.769       0.06047      -0.04398
-8.184      -0.756       0.02696      -0.05782
-7.185      -0.69        0.01799      -0.05897
-6.647      -0.616       0.01662      -0.06326
-6.134      -0.542       0.01522      -0.06743
 -6.0  -0.525  0.01174  -0.0732
 -5.5  -0.451  0.01054  -0.0766
 -5.0  -0.382  0.00969  -0.0797
 -4.5  -0.314  0.00923  -0.0825
 -4.0  -0.251  0.00905  -0.0853
 -3.5  -0.189  0.00893  -0.0884
 -3.0  -0.120  0.00885  -0.0914
 -2.5  -0.051  0.00879  -0.0942
 -2.0   0.017  0.00875  -0.0969
 -1.5   0.085  0.00875  -0.0994
 -1.0   0.152  0.00875  -0.1018
 -0.5   0.219  0.00880  -0.1041
  0.0   0.286  0.00885  -0.1062
  0.5   0.353  0.00885  -0.1086
  1.0   0.420  0.00891  -0.1107
  1.5   0.487  0.00895  -0.1129
  2.0   0.554  0.00899  -0.1149
  2.5   0.619  0.00909  -0.1168
  3.0   0.685  0.00921  -0.1185
  3.5   0.750  0.00931  -0.1201
  4.0   0.816  0.00944  -0.1218
  4.5   0.880  0.00959  -0.1233
  5.0   0.945  0.00971  -0.1248
  5.5   1.009  0.00990  -0.1260
  6.0   1.072  0.01014  -0.1270
  6.5   1.135  0.01033  -0.1280
  7.0   1.196  0.01065  -0.1287
  7.5   1.254  0.01116  -0.1289
  8.0   1.300  0.01241  -0.1270
  9.0   1.376  0.01493  -0.1207
  9.5   1.403  0.01611  -0.1158
 10.0   1.431  0.01769  -0.1116
 10.5   1.453  0.01969  -0.1073
 11.0   1.469  0.02230  -0.1029
 11.5   1.480  0.02635  -0.0983
 12.0   1.486  0.03128  -0.0949
 12.5   1.483  0.03778  -0.0921
 13.0   1.362  0.05140  -0.0899
 13.5   1.262  0.06250  -0.0885
 14.0   1.194  0.07300  -0.0885
 14.5   1.159  0.08430  -0.0902
 15.0   1.141  0.09643  -0.0928
 15.5   1.122  0.11054  -0.0963
 16.0   1.116  0.12486  -0.1006
 16.5   1.103  0.13635  -0.1042
 17.0   1.088  0.14849  -0.1084
 17.5   1.091  0.15915  -0.1125
 18.0   1.085  0.16963  -0.1169
 18.5   1.085  0.17979  -0.1215
 19.0   1.103  0.18969  -0.1263
 19.5   1.119  0.19931  -0.1313
 20.0   1.131  0.20646  -0.1352
 20.5   1.157  0.21593  -0.1406
 21.0   1.163  0.22514  -0.1462
  22.0   1.1282  0.2461 -0.1516
  23.0   1.0930  0.2675 -0.1570
  24.0   1.0580  0.2894 -0.1623
  25.0   1.0240  0.3117 -0.1676
  26.0   0.9919  0.3342 -0.1728
  28.0   0.9362  0.3802 -0.1832
  30.0   0.8971  0.4270 -0.1935
  32.0   0.8809  0.4743 -0.2039
  35.0   0.8935  0.5456 -0.2193
  40.0   0.9018  0.6646 -0.2440
  45.0   0.8869  0.7810 -0.2672
  50.0   0.8511  0.8923 -0.2891
  55.0   0.7969  0.9960 -0.3097
  60.0   0.7266  1.0904 -0.3290
  65.0   0.6425  1.1739 -0.3471
  70.0   0.5468  1.2453 -0.3641
  75.0   0.4417  1.3037 -0.3799
  80.0   0.3295  1.3482 -0.3946
  85.0   0.2120  1.3784 -0.4081
  90.0   0.0916  1.3938 -0.4204
  95.0  -0.0299  1.3943 -0.4313
 100.0  -0.1503  1.3798 -0.4408
 105.0  -0.2674  1.3504 -0.4486
 110.0  -0.3792  1.3063 -0.4546
 115.0  -0.4834  1.2481 -0.4584
 120.0  -0.5778  1.1763 -0.4597
 125.0  -0.6599  1.0919 -0.4582
 130.0  -0.7272  0.9962 -0.4532
 135.0  -0.7773  0.8906 -0.4441
 140.0  -0.8074  0.7771 -0.4303
 145.0  -0.8148  0.6581 -0.4109
 150.0  -0.7967  0.5364 -0.3848
 155.0  -0.7503  0.4157 -0.3508
 160.0  -0.6729  0.3000 -0.3074
 170.0  -0.5472  0.1051 -0.2786
 175.0  -0.2736  0.0388 -0.1380
 180.0   0.0000  0.0267  0.0000
EOT