DU35 airfoil with an aspect ratio of 17.  Original -180 to 180deg Cl, Cd, and Cm versus AOA data taken from Appendix A of DOWEC document 10046_009.pdf (numerical values obtained from Koert Lindenburg of ECN).
Cl and Cd values corrected for rotational stall delay and Cd values corrected using the Viterna method for 0 to 90deg AOA by Jason Jonkman using AirfoilPrep_v2p0.xls.
line
1        Number of airfoil tables in this file
   1.0     Reynolds numbers in millions
 0.0      Control setting
 11.50     Stall angle (deg)
  -1.8330   Zero Cn angle of attack (deg)
   7.1838   Cn slope for zero lift (dimensionless)
   1.6717   Cn extrapolated to value at positive stall angle of attack
  -0.3075   Cn at stall value for negative angle of attack
   0.00     Angle of attack for minimum CD (deg)
   0.0094   Minimum CD value
-180.0   0.0000  0.0407  0.0000
-175.0   0.2225  0.0507  0.0937
-170.0   0.4049  0.1055  0.1702
-160.0   0.6578  0.2982  0.2819
-155.0   0.7332  0.4121  0.3213
-150.0   0.7781  0.5308  0.3520
-145.0   0.7952  0.6503  0.3754
-140.0   0.7874  0.7672  0.3926
-135.0   0.7573  0.8785  0.4046
-130.0   0.7077  0.9819  0.4121
-125.0   0.6411  1.0756  0.4160
-120.0   0.5601  1.1580  0.4167
-115.0   0.4671  1.2280  0.4146
-110.0   0.3645  1.2847  0.4104
-105.0   0.2545  1.3274  0.4041
-100.0   0.1393  1.3557  0.3961
 -95.0   0.0211  1.3692  0.3867
 -90.0  -0.0982  1.3680  0.3759
 -85.0  -0.2164  1.3521  0.3639
 -80.0  -0.3314  1.3218  0.3508
 -75.0  -0.4414  1.2773  0.3367
 -70.0  -0.5441  1.2193  0.3216
 -65.0  -0.6376  1.1486  0.3054
 -60.0  -0.7196  1.0660  0.2884
 -55.0  -0.7879  0.9728  0.2703
 -50.0  -0.8404  0.8705  0.2512
 -45.0  -0.8747  0.7611  0.2311
 -40.0  -0.8885  0.6466  0.2099
 -35.0  -0.8796  0.5299  0.1876
 -30.0  -0.8455  0.4141  0.1641
 -25.0  -0.7841  0.3030  0.1396
 -24.0  -0.7683  0.2817  0.1345
 -23.0  -0.7514  0.2608  0.1294
 -22.0  -0.7332  0.2404  0.1243
 -21.0  -0.7138  0.2205  0.1191
 -20.0  -0.6932  0.2011  0.1139
 -19.0  -0.6713  0.1822  0.1086
 -18.0  -0.6481  0.1640  0.1032
 -17.0  -0.6241  0.1465  0.0975
 -16.0  -0.6012  0.1300  0.0898
 -15.0  -0.5794  0.1145  0.0799
 -14.0  -0.5587  0.1000  0.0682
 -13.0  -0.5386  0.0867  0.0547
 -12.0  -0.5189  0.0744  0.0397
 -11.0  -0.4994  0.0633  0.0234
 -10.0  -0.4799  0.0534  0.0060
  -5.54 -0.3854 0.02451 -0.0800
  -5.04 -0.3587 0.02252 -0.0800
  -4.54 -0.3596 0.01962 -0.0800
  -4.04 -0.3545 0.01736 -0.0800
  -3.54 -0.3071 0.01620 -0.0800
  -3.04 -0.2458 0.01440 -0.0800
 -3.0  -0.240  0.02400  -0.0623
 -2.5  -0.163  0.01880  -0.0674
 -2.0  -0.091  0.01600  -0.0712
 -1.5  -0.019  0.01370  -0.0746
 -1.0   0.052  0.01180  -0.0778
 -0.5   0.121  0.01040  -0.0806
  0.0   0.190  0.01010  -0.0831
  0.5   0.261  0.01005  -0.0863
  1.0   0.333  0.00999  -0.0895
  1.5   0.403  0.00999  -0.0924
  2.0   0.472  0.01006  -0.0949
  2.5   0.540  0.01015  -0.0973
  3.0   0.609  0.01020  -0.0996
  3.5   0.676  0.01030  -0.1016
  4.0   0.744  0.01043  -0.1037
  4.5   0.811  0.01056  -0.1057
  5.0   0.877  0.01073  -0.1076
  5.5   0.944  0.01081  -0.1094
  6.0   1.009  0.01099  -0.1109
  6.5   1.072  0.01126  -0.1118
  7.0   1.134  0.01153  -0.1127
  7.5   1.197  0.01173  -0.1138
  8.0   1.258  0.01199  -0.1144
  8.5   1.312  0.01240  -0.1137
  9.0   1.355  0.01283  -0.1112
  9.5   1.404  0.01348  -0.1100
 10.0   1.451  0.01426  -0.1086
 10.5   1.491  0.01533  -0.1064
 11.0   1.530  0.01649  -0.1044
 11.5   1.557  0.01844  -0.1013
 12.0   1.576  0.02099  -0.0980
 12.5   1.594  0.02390  -0.0953
 13.0   1.602  0.02920  -0.0925
 13.5   1.598  0.03490  -0.0896
 14.0   1.561  0.04250  -0.0864
 14.5   1.520  0.05400  -0.0840
 15.5   1.421  0.07930  -0.0830
 16.0   1.368  0.09240  -0.0848
 16.5   1.306  0.10640  -0.0880
 17.0   1.253  0.11970  -0.0926
 17.5   1.196  0.13365  -0.0984
 18.0   1.148  0.15243  -0.1052
 19.0   1.106  0.17764  -0.1158
 19.5   1.097  0.18921  -0.1213
 20.0   1.104  0.20080  -0.1248
  21.0   1.0764  0.2215 -0.1317
  22.0   1.0483  0.2427 -0.1385
  23.0   1.0202  0.2644 -0.1452
  24.0   0.9929  0.2866 -0.1518
  25.0   0.9671  0.3091 -0.1583
  26.0   0.9435  0.3319 -0.1647
  28.0   0.9056  0.3783 -0.1770
  30.0   0.8847  0.4254 -0.1886
  32.0   0.8865  0.4729 -0.1994
  35.0   0.9041  0.5446 -0.2148
  40.0   0.9131  0.6645 -0.2392
  45.0   0.8987  0.7819 -0.2622
  50.0   0.8633  0.8942 -0.2839
  55.0   0.8092  0.9991 -0.3043
  60.0   0.7389  1.0946 -0.3236
  65.0   0.6546  1.1792 -0.3417
  70.0   0.5586  1.2517 -0.3586
  75.0   0.4531  1.3111 -0.3745
  80.0   0.3402  1.3567 -0.3892
  85.0   0.2220  1.3878 -0.4028
  90.0   0.1007  1.4041 -0.4151
  95.0  -0.0217  1.4053 -0.4261
 100.0  -0.1431  1.3914 -0.4357
 105.0  -0.2613  1.3625 -0.4437
 110.0  -0.3743  1.3188 -0.4498
 115.0  -0.4797  1.2608 -0.4538
 120.0  -0.5752  1.1891 -0.4553
 125.0  -0.6585  1.1046 -0.4540
 130.0  -0.7270  1.0086 -0.4492
 135.0  -0.7782  0.9025 -0.4405
 140.0  -0.8093  0.7883 -0.4270
 145.0  -0.8175  0.6684 -0.4078
 150.0  -0.8001  0.5457 -0.3821
 155.0  -0.7541  0.4236 -0.3484
 160.0  -0.6767  0.3066 -0.3054
 170.0  -0.4168  0.1085 -0.1842
 175.0  -0.2291  0.0510 -0.1013
 180.0   0.0000  0.0407  0.0000
EOT