4.315189401040001030e+03
4.281923453999999765e+03
4.247209942000001320e+03
4.210468299999996816e+03
4.174687499999999091e+03
4.138632059999999910e+03
4.106349699999997938e+03
4.078489999999998417e+03
4.045817496000000119e+03
4.015508259999999154e+03
3.987099140000001626e+03
3.959325432000000546e+03
3.931927239999999074e+03
3.904875180000001365e+03
3.877066684000001260e+03
3.850897480000000087e+03
3.823668460000001232e+03
3.795813840000000255e+03
3.768171820000000025e+03
3.738553679999997712e+03
