1.316629222875592113e+07 3.838954595579253882e+07 5.028695450354111940e+07 5.867276698456663638e+07 8.695267551823931932e+07 6.919256742448031902e+07 6.568253192521627247e+07
1.574982576132789813e+07 4.576689642416549474e+07 5.965174137519960850e+07 6.918141796125824749e+07 1.025264308645833582e+08 8.015562699830020964e+07 7.555960439517359436e+07
9.565559928757075220e+06 2.782217449785462767e+07 3.637634400459841639e+07 4.242571294250655919e+07 6.287464254225654155e+07 4.899965579041590542e+07 4.637405976748260111e+07
1.263661380575999431e+07 3.675013474059855193e+07 4.798965522408740222e+07 5.585165262840782851e+07 8.277180159975768626e+07 6.557997826967873424e+07 6.218942092974355072e+07
1.810635425547304377e+07 5.252946768684069067e+07 6.838245413575620949e+07 7.931178314928308129e+07 1.175395690264037102e+08 9.054443107063429058e+07 8.490668761064541340e+07
1.013631545394452289e+07 2.940693867254215851e+07 3.832246377636494488e+07 4.448384409779515117e+07 6.592478010551244766e+07 5.093124247723177820e+07 4.787971105863463879e+07
1.271228215190227143e+07 3.698921554281434417e+07 4.835546721126156300e+07 5.642228712317632884e+07 8.361747836963239312e+07 6.537115808732025325e+07 6.185215504052550346e+07
1.773882228849627823e+07 5.167560767892716080e+07 6.765083016140788794e+07 7.905531820781409740e+07 1.171594895792690217e+08 9.306071426805388927e+07 8.909842080521267653e+07
1.218260372890634090e+07 3.548642192888652533e+07 4.647275485060521960e+07 5.431286297959394008e+07 8.049132491694954038e+07 6.326207424549967051e+07 6.009355433245991915e+07
9.402332496364450082e+06 2.735084377348636091e+07 3.575202487982118130e+07 4.169478785931995511e+07 6.179141611792265624e+07 4.815393405186408758e+07 4.557907588575432450e+07
2.522998855658154190e+07 7.261225507296703756e+07 9.374541857983127236e+07 1.072664617694022655e+08 1.589682287640852034e+08 1.198627846737640202e+08 1.115145572278841287e+08
2.939174759440669790e+07 8.408813357932496071e+07 1.077925988873189837e+08 1.220773121392360330e+08 1.809178168361136913e+08 1.331228662535271198e+08 1.221384327382528782e+08
1.218260372890634090e+07 3.548642192888652533e+07 4.647275485060521960e+07 5.431286297959394008e+07 8.049132491694954038e+07 6.326207424549967051e+07 6.009355433245991915e+07
1.773882228849627823e+07 5.167560767892716080e+07 6.765083016140788794e+07 7.905531820781409740e+07 1.171594895792690217e+08 9.306071426805388927e+07 8.909842080521267653e+07
1.218260372890634090e+07 3.548642192888652533e+07 4.647275485060521960e+07 5.431286297959394008e+07 8.049132491694954038e+07 6.326207424549967051e+07 6.009355433245991915e+07
1.773882228849627823e+07 5.167560767892716080e+07 6.765083016140788794e+07 7.905531820781409740e+07 1.171594895792690217e+08 9.306071426805388927e+07 8.909842080521267653e+07
1.218260372890634090e+07 3.548642192888652533e+07 4.647275485060521960e+07 5.431286297959394008e+07 8.049132491694954038e+07 6.326207424549967051e+07 6.009355433245991915e+07
1.218260372890634090e+07 3.548642192888652533e+07 4.647275485060521960e+07 5.431286297959394008e+07 8.049132491694954038e+07 6.326207424549967051e+07 6.009355433245991915e+07
