-4.751314560000001279e+02
-4.672278839999997331e+02
-4.588274160000004258e+02
-4.501745720000003530e+02
-4.412260156000000393e+02
-4.323148140000001263e+02
-4.236980973999993694e+02
-4.164511019999998211e+02
-4.079298519999996984e+02
-3.996195839999996338e+02
-3.916335059999996133e+02
-3.837467619999993076e+02
-3.760420879999993531e+02
-3.685656519999997158e+02
-3.607141659999995795e+02
-3.533930779999995480e+02
-3.458567160000001763e+02
-3.382478760000002467e+02
-3.305858139999994592e+02
-3.228191924000000768e+02
