1.612910122457074933e+07
4.335494929617754370e+07
5.272489488478015363e+07
2.285134843353899941e+07
2.911495724982964247e+07
2.441049422875449434e+07
1.997436824715557322e+07
1.629247149480120838e+07
4.389463746169012040e+07
5.346518202044789493e+07
2.323742144360335544e+07
2.960685378784045950e+07
2.503865177024847642e+07
2.055124530844525993e+07
1.710932284595350176e+07
4.603839878580955416e+07
5.597393286909967661e+07
2.424955879431261495e+07
3.089642038749044761e+07
2.500943514041154459e+07
2.021954099820368737e+07
1.611424938182252459e+07
4.330997528238482028e+07
5.260151369550219178e+07
2.276787318811967969e+07
2.900860124161108583e+07
2.411832793038519844e+07
1.967150778997848183e+07
1.629247149480120838e+07
4.389463746169012040e+07
5.346518202044789493e+07
2.323742144360335544e+07
2.960685378784045950e+07
2.503865177024847642e+07
2.055124530844525993e+07
1.729744618743100390e+07
4.654810427546032518e+07
5.659083881548946351e+07
2.452085334192541242e+07
3.124207741420076042e+07
2.519934323435158283e+07
2.034933833699387312e+07
1.611424938182252459e+07
4.330997528238482028e+07
5.260151369550219178e+07
2.276787318811967969e+07
2.900860124161108583e+07
2.411832793038519844e+07
1.967150778997848183e+07
2.034207395081682503e+07
5.561786372365790606e+07
6.874388595936818421e+07
3.044759576669716835e+07
3.879335399771821499e+07
2.962566265464638174e+07
2.362311565981287137e+07
1.629247149480120838e+07
4.389463746169012040e+07
5.346518202044789493e+07
2.323742144360335544e+07
2.960685378784045950e+07
2.503865177024847642e+07
2.055124530844525993e+07
1.729744618743100390e+07
4.654810427546032518e+07
5.659083881548946351e+07
2.452085334192541242e+07
3.124207741420076042e+07
2.519934323435158283e+07
2.034933833699387312e+07
7.970488941546624526e+06
2.151256993084881082e+07
2.665033688403864577e+07
1.188478806657576188e+07
1.514243667011687718e+07
1.498813110634476878e+07
1.266533588061518036e+07
3.618899016317132860e+06
8.694975999924955890e+06
9.502407927557297051e+06
3.596739637004974298e+06
4.582614504117021337e+06
8.699251533945720643e+06
8.335873535636044107e+06
1.629247149480120838e+07
4.389463746169012040e+07
5.346518202044789493e+07
2.323742144360335544e+07
2.960685378784045950e+07
2.503865177024847642e+07
2.055124530844525993e+07
2.034207395081682503e+07
5.561786372365790606e+07
6.874388595936818421e+07
3.044759576669716835e+07
3.879335399771821499e+07
2.962566265464638174e+07
2.362311565981287137e+07
1.629247149480120838e+07
4.389463746169012040e+07
5.346518202044789493e+07
2.323742144360335544e+07
2.960685378784045950e+07
2.503865177024847642e+07
2.055124530844525993e+07
2.034207395081682503e+07
5.561786372365790606e+07
6.874388595936818421e+07
3.044759576669716835e+07
3.879335399771821499e+07
2.962566265464638174e+07
2.362311565981287137e+07
1.629247149480120838e+07
4.389463746169012040e+07
5.346518202044789493e+07
2.323742144360335544e+07
2.960685378784045950e+07
2.503865177024847642e+07
2.055124530844525993e+07
1.629247149480120838e+07
4.389463746169012040e+07
5.346518202044789493e+07
2.323742144360335544e+07
2.960685378784045950e+07
2.503865177024847642e+07
2.055124530844525993e+07
