3.000332035434362665e+07
8.748202041678933799e+07
1.145938111808574647e+08
1.337033838629940897e+08
1.981475827752865851e+08
1.576758840307439864e+08
1.496772221668117046e+08
3.589067139267542213e+07
1.042935118847844750e+08
1.359342687431510389e+08
1.576504766562896371e+08
2.336370252590255141e+08
1.826584822248410583e+08
1.721850751242269874e+08
2.179797880259333178e+07
6.340111550846672803e+07
8.289433984353394806e+07
9.667962966030293703e+07
1.432786094660770893e+08
1.116603174522833377e+08
1.056771144951815605e+08
2.879629022514589503e+07
8.374613342390154302e+07
1.093587301851073503e+08
1.272746341198275238e+08
1.886202156655580103e+08
1.494435231020224988e+08
1.417171278282136023e+08
4.126072380420818925e+07
1.197040457304466367e+08
1.558297994913309216e+08
1.807355325522060096e+08
2.678489344257780612e+08
2.063324681325806379e+08
1.934851896302687526e+08
2.309861534997374564e+07
6.701247293492495269e+07
8.732915368069808185e+07
1.013696948138403744e+08
1.502292568347654343e+08
1.160620133245765865e+08
1.091081896411290169e+08
2.896872310074557737e+07
8.429095027703101933e+07
1.101923418086344451e+08
1.285749948633317053e+08
1.905473421945713162e+08
1.489676640888015628e+08
1.409485669955213964e+08
4.042319269415262341e+07
1.177582712549842596e+08
1.541625762442767620e+08
1.801511007573727071e+08
2.669828101430754960e+08
2.120665692418924272e+08
2.030373028365864754e+08
2.776169297154783830e+07
8.086638720021720231e+07
1.059020206528816670e+08
1.237680433508275896e+08
1.834234699693424404e+08
1.441614880552705228e+08
1.369410712250547409e+08
2.142601645665688440e+07
6.232704799801149219e+07
8.147164267271438241e+07
9.501399904502794147e+07
1.408101552603746653e+08
1.097330884487386942e+08
1.038655068181212991e+08
5.749404737852054089e+07
1.654686613933221996e+08
2.136268720558759272e+08
2.444385981890385449e+08
3.622564812403610945e+08
2.731430735887944698e+08
2.541191496094521582e+08
6.697785553650274128e+07
1.916198703435368538e+08
2.456375583993162215e+08
2.781895343406630754e+08
4.122751585664360523e+08
3.033601209283214211e+08
2.783288158392574191e+08
2.776169297154783830e+07
8.086638720021720231e+07
1.059020206528816670e+08
1.237680433508275896e+08
1.834234699693424404e+08
1.441614880552705228e+08
1.369410712250547409e+08
4.042319269415262341e+07
1.177582712549842596e+08
1.541625762442767620e+08
1.801511007573727071e+08
2.669828101430754960e+08
2.120665692418924272e+08
2.030373028365864754e+08
2.776169297154783830e+07
8.086638720021720231e+07
1.059020206528816670e+08
1.237680433508275896e+08
1.834234699693424404e+08
1.441614880552705228e+08
1.369410712250547409e+08
4.042319269415262341e+07
1.177582712549842596e+08
1.541625762442767620e+08
1.801511007573727071e+08
2.669828101430754960e+08
2.120665692418924272e+08
2.030373028365864754e+08
2.776169297154783830e+07
8.086638720021720231e+07
1.059020206528816670e+08
1.237680433508275896e+08
1.834234699693424404e+08
1.441614880552705228e+08
1.369410712250547409e+08
2.776169297154783830e+07
8.086638720021720231e+07
1.059020206528816670e+08
1.237680433508275896e+08
1.834234699693424404e+08
1.441614880552705228e+08
1.369410712250547409e+08
