2.455626603999999134e+03
2.433547299999999268e+03
2.409891859999999724e+03
2.385642280000001847e+03
2.361738707800000157e+03
2.338468260000000555e+03
2.317090680000001157e+03
2.295132306000000426e+03
2.274338359999999284e+03
2.255271819999999479e+03
2.236434446000001572e+03
2.219295648000000710e+03
2.202804700000000594e+03
2.186557159999999385e+03
2.169883764000000156e+03
2.154152040000000852e+03
2.137893627999999353e+03
2.121337490000000798e+03
2.104924099999997907e+03
2.087477039999999761e+03
