6.055043999999993876e-01 4.048256000000003496e+01 3.000000000000000000e+00
9.563053999999999721e-01 6.427890000000000725e+01 3.222222222222222321e+00
1.357023999999999120e+00 9.177250000000000796e+01 3.444444444444444642e+00
1.804450000000000998e+00 1.228561999999998449e+02 3.666666666666666519e+00
2.304090000000002636e+00 1.580559999999998695e+02 3.888888888888888840e+00
2.858314000000001354e+00 1.976988000000001477e+02 4.111111111111110716e+00
3.464339999999999531e+00 2.417735999999999308e+02 4.333333333333333037e+00
4.124443999999997779e+00 2.906330000000000950e+02 4.555555555555555358e+00
4.835569999999997925e+00 3.442684000000001561e+02 4.777777777777777679e+00
5.599394000000004645e+00 4.030365999999996802e+02 5.000000000000000000e+00
6.419522000000006834e+00 4.674703999999999837e+02 5.222222222222222321e+00
7.284198000000000839e+00 5.369008000000002312e+02 5.444444444444444642e+00
8.204008000000003520e+00 6.124381999999998243e+02 5.666666666666666075e+00
9.168189999999993844e+00 6.934847999999996091e+02 5.888888888888889284e+00
1.017163999999998047e+01 7.798735999999995556e+02 6.111111111111110716e+00
1.121634000000000775e+01 8.719617999999999256e+02 6.333333333333333037e+00
1.230178000000001148e+01 9.700662000000004355e+02 6.555555555555555358e+00
1.342505999999999133e+01 1.074150000000000091e+03 6.777777777777777679e+00
1.458757999999999555e+01 1.184509999999999991e+03 7.000000000000000000e+00
1.578848000000002827e+01 1.301539999999999964e+03 7.222222222222222321e+00
1.702690000000002613e+01 1.425236000000000104e+03 7.444444444444444642e+00
1.830445999999999174e+01 1.556172000000000025e+03 7.666666666666666075e+00
1.958693999999991675e+01 1.696094000000000051e+03 7.888888888888888395e+00
2.069848000000003907e+01 1.842521999999999935e+03 8.111111111111110716e+00
2.184037999999981849e+01 1.997079999999999927e+03 8.333333333333332149e+00
2.301315999999992457e+01 2.160112000000000080e+03 8.555555555555555358e+00
2.421676000000015350e+01 2.331786000000000058e+03 8.777777777777778567e+00
2.545074000000003522e+01 2.512204000000000178e+03 9.000000000000000000e+00
2.671384000000017167e+01 2.701615999999999985e+03 9.222222222222221433e+00
2.800814000000005421e+01 2.900237999999999829e+03 9.444444444444442865e+00
2.933115999999997925e+01 3.108195999999999913e+03 9.666666666666666075e+00
3.068438000000000443e+01 3.325788000000000011e+03 9.888888888888889284e+00
3.206769999999997367e+01 3.553130000000000109e+03 1.011111111111111072e+01
3.367682000000000642e+01 3.789288000000000011e+03 1.033333333333333215e+01
3.569616000000004163e+01 4.033802000000000135e+03 1.055555555555555536e+01
3.776576000000001443e+01 4.286452000000000226e+03 1.077777777777777857e+01
3.988757999999993586e+01 4.547681999999999789e+03 1.100000000000000000e+01
4.206014000000002540e+01 4.817350000000000364e+03 1.122222222222222143e+01
4.293330000000007374e+01 4.994329999999999927e+03 1.144444444444444464e+01
4.307269999999994070e+01 4.985930000000000291e+03 1.166666666666666607e+01
4.315648000000014406e+01 4.989127999999999702e+03 1.188888888888888928e+01
4.313349999999995532e+01 4.991663999999999760e+03 1.211111111111111072e+01
4.308570000000007383e+01 4.992681999999999789e+03 1.233333333333333215e+01
4.304565999999997672e+01 4.992667999999999665e+03 1.255555555555555536e+01
4.302078000000008728e+01 4.992322000000000116e+03 1.277777777777777679e+01
4.300591999999981141e+01 4.991931999999999789e+03 1.300000000000000000e+01
4.299783999999991124e+01 4.991543999999999869e+03 1.322222222222222143e+01
4.299439999999992779e+01 4.991113999999999578e+03 1.344444444444444464e+01
4.299341999999985831e+01 4.990836000000000240e+03 1.366666666666666607e+01
4.299434000000010059e+01 4.990692000000000007e+03 1.388888888888888751e+01
4.299588000000012045e+01 4.990520000000000437e+03 1.411111111111111072e+01
4.299768000000004520e+01 4.990405999999999949e+03 1.433333333333333215e+01
4.299858000000008218e+01 4.990344000000000051e+03 1.455555555555555536e+01
4.299992000000014514e+01 4.990271999999999935e+03 1.477777777777777679e+01
4.300162000000028684e+01 4.990216000000000349e+03 1.500000000000000000e+01
4.300214000000023162e+01 4.990170000000000073e+03 1.522222222222222143e+01
4.300254000000015964e+01 4.990136000000000422e+03 1.544444444444444287e+01
4.300392000000013581e+01 4.990119999999999891e+03 1.566666666666666607e+01
4.300458000000013925e+01 4.990108000000000175e+03 1.588888888888888751e+01
4.300488000000012079e+01 4.990078000000000429e+03 1.611111111111111072e+01
4.300530000000010489e+01 4.990073999999999614e+03 1.633333333333333215e+01
4.300554000000009580e+01 4.990078000000000429e+03 1.655555555555555713e+01
4.300586000000009079e+01 4.990112000000000080e+03 1.677777777777777857e+01
4.300612000000008806e+01 4.990033999999999651e+03 1.700000000000000000e+01
4.300620000000009213e+01 4.990015999999999622e+03 1.722222222222222143e+01
4.300632000000009469e+01 4.990002000000000407e+03 1.744444444444444287e+01
4.300678000000009860e+01 4.989996000000000095e+03 1.766666666666666430e+01
4.300706000000012352e+01 4.989988000000000284e+03 1.788888888888888573e+01
4.300728000000013651e+01 4.989988000000000284e+03 1.811111111111111072e+01
4.300742000000015253e+01 4.989992000000000189e+03 1.833333333333333215e+01
4.300750000000015660e+01 4.989984000000000378e+03 1.855555555555555713e+01
4.300762000000017338e+01 4.989985999999999876e+03 1.877777777777777857e+01
4.300768000000017821e+01 4.989989999999999782e+03 1.900000000000000000e+01
4.300774000000019015e+01 4.989989999999999782e+03 1.922222222222222143e+01
4.300778000000019574e+01 4.989988000000000284e+03 1.944444444444444287e+01
4.300780000000020920e+01 4.990028000000000247e+03 1.966666666666666430e+01
4.300782000000020844e+01 4.990029999999999745e+03 1.988888888888888928e+01
4.300792000000021886e+01 4.990039999999999964e+03 2.011111111111111072e+01
4.300786000000022824e+01 4.990021999999999935e+03 2.033333333333333215e+01
4.300782000000022975e+01 4.990010000000000218e+03 2.055555555555555358e+01
4.300754000000019772e+01 4.990003999999999905e+03 2.077777777777777857e+01
4.300704000000016691e+01 4.990000000000000000e+03 2.100000000000000000e+01
4.300688000000018008e+01 4.990028000000000247e+03 2.122222222222222143e+01
4.300696000000016994e+01 4.990029999999999745e+03 2.144444444444444287e+01
4.300678000000013412e+01 4.989984000000000378e+03 2.166666666666666430e+01
4.300694000000013517e+01 4.990021999999999935e+03 2.188888888888888928e+01
4.300738000000013983e+01 4.990051999999999680e+03 2.211111111111111072e+01
4.300744000000013756e+01 4.990021999999999935e+03 2.233333333333333215e+01
4.300744000000010914e+01 4.989949999999999818e+03 2.255555555555555358e+01
4.300752000000012032e+01 4.989993999999999687e+03 2.277777777777777501e+01
4.300764000000011578e+01 4.990002000000000407e+03 2.300000000000000000e+01
4.300768000000011426e+01 4.989985999999999876e+03 2.322222222222222143e+01
4.300780000000010972e+01 4.990018000000000029e+03 2.344444444444444287e+01
4.300780000000010261e+01 4.990006000000000313e+03 2.366666666666666430e+01
4.300776000000011834e+01 4.990002000000000407e+03 2.388888888888888928e+01
4.300764000000011578e+01 4.990037999999999556e+03 2.411111111111111072e+01
4.300780000000010972e+01 4.990057999999999993e+03 2.433333333333333215e+01
4.300786000000011455e+01 4.990051999999999680e+03 2.455555555555555358e+01
4.300784000000011531e+01 4.990078000000000429e+03 2.477777777777777501e+01
4.300784000000010820e+01 4.990037999999999556e+03 2.500000000000000000e+01
