4.940000000000000391e+00
4.950000000000000178e+00
4.980000000000000426e+00
5.089999999999999858e+00
5.099999999999999645e+00
5.179999999999999716e+00
5.240000000000000213e+00
5.299999999999999822e+00
5.379999999999999893e+00
5.410000000000000142e+00
5.429999999999999716e+00
5.519999999999999574e+00
5.629999999999999893e+00
6.160000000000000142e+00
6.280000000000000249e+00
6.280000000000000249e+00
6.580000000000000071e+00
6.730000000000000426e+00
6.860000000000000320e+00
7.099999999999999645e+00
