-6.463999999999999746e-01
-6.593999999999999861e-01
-6.729000000000000536e-01
-6.865999999999999881e-01
-7.006000000000000005e-01
-7.146000000000000130e-01
-7.282999999999999474e-01
-7.418000000000000149e-01
-7.548000000000000265e-01
-7.669000000000000261e-01
-7.781000000000000139e-01
-7.883999999999999897e-01
-7.977999999999999536e-01
-8.063000000000000167e-01
-8.138999999999999568e-01
-8.205999999999999961e-01
-8.265000000000000124e-01
-8.316999999999999948e-01
-8.360999999999999543e-01
-8.397999999999999909e-01
-8.425000000000000266e-01
-8.441999999999999504e-01
-8.449999999999999734e-01
-8.447999999999999954e-01
-8.437000000000000055e-01
-8.414000000000000368e-01
-8.379999999999999671e-01
-8.335000000000000187e-01
-8.279999999999999583e-01
-8.215999999999999970e-01
-8.142000000000000348e-01
-8.057999999999999607e-01
-7.963000000000000078e-01
-7.861000000000000210e-01
-7.752000000000000002e-01
-7.638000000000000345e-01
-7.520999999999999908e-01
-7.403999999999999471e-01
-7.285000000000000364e-01
-7.165000000000000258e-01
-7.044000000000000261e-01
-6.922000000000000375e-01
-6.797999999999999599e-01
-6.673999999999999932e-01
-6.546999999999999487e-01
-6.419000000000000261e-01
-6.288000000000000256e-01
-6.153999999999999471e-01
-6.018000000000000016e-01
-5.876000000000000112e-01
-5.726999999999999869e-01
-5.572000000000000286e-01
-5.406999999999999584e-01
-5.232999999999999874e-01
-5.050999999999999934e-01
-4.863000000000000100e-01
-4.671000000000000152e-01
-4.475000000000000089e-01
-4.277000000000000246e-01
-4.077000000000000068e-01
-3.874000000000000221e-01
-3.669000000000000039e-01
-3.462000000000000077e-01
-3.251999999999999891e-01
-3.042000000000000259e-01
-2.831000000000000183e-01
-2.621999999999999886e-01
-2.414000000000000035e-01
-2.210000000000000020e-01
-2.011000000000000010e-01
-1.814999999999999947e-01
-1.622999999999999998e-01
-1.436000000000000054e-01
-1.255000000000000004e-01
-1.082000000000000045e-01
-9.175999999999999435e-02
-7.648000000000000631e-02
-6.246000000000000163e-02
-4.968999999999999806e-02
-3.824000000000000316e-02
-2.813999999999999835e-02
-1.949999999999999997e-02
-1.239999999999999956e-02
-6.840999999999999859e-03
-2.782999999999999884e-03
-2.036999999999999911e-04
1.020999999999999989e-03
1.191000000000000001e-03
5.961999999999999635e-04
-5.640000000000000482e-04
-2.164999999999999824e-03
-4.079000000000000160e-03
-6.375999999999999723e-03
-9.072000000000000203e-03
-1.205999999999999954e-02
-1.518000000000000078e-02
-1.839999999999999969e-02
-2.172999999999999932e-02
-2.504999999999999935e-02
-2.826999999999999999e-02
-3.139000000000000123e-02
-3.472000000000000086e-02
-3.846999999999999725e-02
-4.281999999999999695e-02
-4.793000000000000038e-02
-5.396999999999999714e-02
-6.092999999999999805e-02
-6.868000000000000493e-02
-7.710000000000000187e-02
-8.629000000000000559e-02
-9.625000000000000222e-02
-1.069999999999999979e-01
-1.185999999999999971e-01
-1.312000000000000111e-01
-1.448000000000000120e-01
-1.592999999999999972e-01
-1.746000000000000052e-01
-1.907000000000000084e-01
-2.074999999999999900e-01
-2.245999999999999941e-01
-2.424999999999999933e-01
-2.610999999999999988e-01
-2.803999999999999826e-01
-3.004999999999999893e-01
-3.212999999999999745e-01
-3.426000000000000156e-01
-3.639999999999999902e-01
-3.854000000000000203e-01
-4.068999999999999839e-01
-4.284000000000000030e-01
-4.497999999999999776e-01
-4.709999999999999742e-01
-4.918000000000000149e-01
-5.121999999999999886e-01
-5.321000000000000174e-01
-5.511000000000000343e-01
-5.695000000000000062e-01
-5.867999999999999883e-01
-6.029999999999999805e-01
-6.180999999999999828e-01
-6.321999999999999842e-01
-6.455999999999999517e-01
-6.584999999999999742e-01
-6.713000000000000078e-01
-6.841000000000000414e-01
-6.969999999999999529e-01
-7.102000000000000535e-01
-7.236000000000000210e-01
-7.372999999999999554e-01
-7.512999999999999678e-01
-7.655999999999999472e-01
-7.802999999999999936e-01
-7.953999999999999959e-01
-8.106999999999999762e-01
-8.264000000000000234e-01
-8.423000000000000487e-01
-8.581999999999999629e-01
-8.738000000000000211e-01
-8.889000000000000234e-01
-9.034999999999999698e-01
-9.173999999999999932e-01
-9.303000000000000158e-01
-9.422000000000000375e-01
-9.527999999999999803e-01
-9.622000000000000552e-01
-9.703000000000000513e-01
-9.770999999999999686e-01
-9.828000000000000069e-01
-9.875000000000000444e-01
-9.910999999999999810e-01
-9.939999999999999947e-01
-9.959999999999999964e-01
-9.972999999999999643e-01
-9.977000000000000313e-01
-9.972999999999999643e-01
-9.960999999999999854e-01
-9.940999999999999837e-01
-9.910999999999999810e-01
-9.870999999999999774e-01
-9.822999999999999510e-01
-9.767000000000000126e-01
-9.703000000000000513e-01
-9.631999999999999451e-01
-9.553000000000000380e-01
-9.465999999999999970e-01
-9.370000000000000551e-01
-9.265999999999999792e-01
-9.153000000000000025e-01
-9.030000000000000249e-01
-8.901000000000000023e-01
-8.764999999999999458e-01
-8.625000000000000444e-01
-8.481999999999999540e-01
-8.337999999999999856e-01
-8.189999999999999503e-01
-8.038999999999999480e-01
-7.882000000000000117e-01
-7.720000000000000195e-01
-7.551999999999999824e-01
-7.378000000000000114e-01
-7.198999999999999844e-01
-7.015000000000000124e-01
-6.827999999999999625e-01
-6.635999999999999677e-01
-6.440000000000000169e-01
-6.239000000000000101e-01
-6.031999999999999584e-01
-5.818999999999999728e-01
-5.600000000000000533e-01
-5.375999999999999668e-01
-5.149000000000000243e-01
-4.919999999999999929e-01
-4.691000000000000170e-01
-4.462999999999999745e-01
-4.237000000000000210e-01
-4.013999999999999790e-01
-3.795000000000000040e-01
-3.578999999999999959e-01
-3.365000000000000213e-01
-3.154000000000000137e-01
-2.948000000000000065e-01
-2.746999999999999997e-01
-2.554000000000000159e-01
-2.368999999999999995e-01
-2.192999999999999949e-01
-2.028999999999999970e-01
-1.875999999999999890e-01
-1.733999999999999986e-01
-1.603999999999999870e-01
-1.486999999999999988e-01
-1.383999999999999952e-01
-1.295000000000000040e-01
-1.222000000000000031e-01
-1.165000000000000063e-01
-1.123999999999999999e-01
-1.097000000000000058e-01
-1.084999999999999992e-01
-1.084999999999999992e-01
-1.096000000000000030e-01
-1.113999999999999990e-01
-1.139000000000000012e-01
-1.169000000000000039e-01
-1.203000000000000042e-01
-1.239999999999999991e-01
-1.277999999999999969e-01
-1.315999999999999948e-01
-1.355000000000000093e-01
-1.391000000000000014e-01
-1.428999999999999992e-01
-1.466000000000000081e-01
-1.504999999999999949e-01
-1.545999999999999874e-01
-1.595000000000000029e-01
-1.653000000000000025e-01
-1.719999999999999862e-01
-1.797999999999999876e-01
-1.887000000000000066e-01
-1.985999999999999988e-01
-2.094999999999999918e-01
-2.215999999999999914e-01
-2.353000000000000091e-01
-2.503000000000000225e-01
-2.667999999999999816e-01
-2.847000000000000086e-01
-3.037000000000000255e-01
-3.235000000000000098e-01
-3.439999999999999725e-01
-3.650999999999999801e-01
-3.865999999999999992e-01
-4.084999999999999742e-01
-4.309000000000000052e-01
-4.537999999999999812e-01
-4.772000000000000131e-01
-5.008000000000000229e-01
-5.245999999999999552e-01
-5.483999999999999986e-01
-5.721000000000000529e-01
-5.956000000000000183e-01
-6.189000000000000057e-01
-6.420000000000000151e-01
-6.649000000000000465e-01
-6.873000000000000220e-01
-7.093000000000000416e-01
-7.306000000000000272e-01
-7.512999999999999678e-01
-7.708000000000000407e-01
-7.892000000000000126e-01
-8.063000000000000167e-01
-8.223000000000000309e-01
-8.374000000000000332e-01
-8.520999999999999686e-01
-8.663999999999999480e-01
-8.806000000000000494e-01
-8.943999999999999728e-01
-9.080000000000000293e-01
-9.214999999999999858e-01
-9.350000000000000533e-01
-9.485999999999999988e-01
-9.625000000000000222e-01
-9.767000000000000126e-01
-9.913999999999999480e-01
-1.006999999999999895e+00
-1.022999999999999909e+00
-1.038999999999999924e+00
-1.054999999999999938e+00
-1.070999999999999952e+00
-1.086000000000000076e+00
-1.100000000000000089e+00
-1.114000000000000101e+00
-1.125999999999999890e+00
-1.137000000000000011e+00
-1.147000000000000020e+00
-1.155000000000000027e+00
-1.161999999999999922e+00
-1.167000000000000037e+00
-1.169999999999999929e+00
-1.171000000000000041e+00
-1.171000000000000041e+00
-1.169999999999999929e+00
-1.167000000000000037e+00
-1.163000000000000034e+00
-1.157999999999999918e+00
-1.151999999999999913e+00
-1.145000000000000018e+00
-1.137000000000000011e+00
-1.127999999999999892e+00
-1.118999999999999995e+00
-1.108999999999999986e+00
-1.098999999999999977e+00
-1.086999999999999966e+00
-1.074000000000000066e+00
-1.060999999999999943e+00
-1.046999999999999931e+00
-1.032000000000000028e+00
-1.016999999999999904e+00
-1.000999999999999890e+00
-9.841999999999999638e-01
-9.668999999999999817e-01
-9.489999999999999547e-01
-9.305999999999999828e-01
-9.118000000000000549e-01
-8.924999999999999600e-01
-8.729999999999999982e-01
-8.529999999999999805e-01
-8.326999999999999957e-01
-8.121000000000000441e-01
-7.910000000000000364e-01
-7.693999999999999728e-01
-7.470999999999999863e-01
-7.240999999999999659e-01
-7.002000000000000446e-01
-6.754999999999999893e-01
-6.502000000000000002e-01
-6.241999999999999771e-01
-5.977999999999999980e-01
-5.711000000000000520e-01
-5.443000000000000060e-01
-5.174999999999999600e-01
-4.912000000000000255e-01
-4.653999999999999804e-01
-4.401999999999999802e-01
-4.156000000000000250e-01
-3.917999999999999816e-01
-3.689999999999999947e-01
-3.472999999999999976e-01
-3.265000000000000124e-01
-3.068000000000000171e-01
-2.884999999999999787e-01
-2.713999999999999746e-01
-2.555999999999999939e-01
-2.409999999999999920e-01
-2.275999999999999968e-01
-2.154000000000000081e-01
-2.043000000000000094e-01
-1.942000000000000115e-01
-1.854000000000000092e-01
-1.779000000000000026e-01
-1.716999999999999915e-01
-1.671999999999999875e-01
-1.640999999999999959e-01
-1.627000000000000113e-01
-1.630000000000000060e-01
-1.647000000000000131e-01
-1.678000000000000047e-01
-1.721000000000000030e-01
-1.774999999999999911e-01
-1.839000000000000079e-01
-1.908999999999999864e-01
-1.985000000000000098e-01
-2.068000000000000116e-01
-2.154000000000000081e-01
-2.240999999999999936e-01
-2.328000000000000069e-01
-2.412999999999999867e-01
-2.494999999999999996e-01
-2.575999999999999956e-01
-2.660000000000000142e-01
-2.748999999999999777e-01
-2.843999999999999861e-01
-2.950999999999999734e-01
-3.069000000000000061e-01
-3.200000000000000067e-01
-3.345000000000000195e-01
-3.503999999999999893e-01
-3.679000000000000048e-01
-3.869000000000000217e-01
-4.077000000000000068e-01
-4.302000000000000268e-01
-4.542999999999999816e-01
-4.798999999999999932e-01
-5.068000000000000282e-01
-5.344999999999999751e-01
-5.625999999999999890e-01
-5.907999999999999918e-01
-6.187000000000000277e-01
-6.460000000000000187e-01
-6.725999999999999757e-01
-6.988999999999999657e-01
-7.247999999999999998e-01
-7.502999999999999670e-01
-7.752999999999999892e-01
-7.997999999999999554e-01
-8.235000000000000098e-01
-8.467000000000000082e-01
-8.690999999999999837e-01
-8.910000000000000142e-01
-9.124999999999999778e-01
-9.338999999999999524e-01
-9.552000000000000490e-01
-9.764000000000000457e-01
-9.973999999999999533e-01
-1.018000000000000016e+00
-1.038000000000000034e+00
-1.056999999999999940e+00
-1.074000000000000066e+00
-1.090999999999999970e+00
-1.106999999999999984e+00
-1.120999999999999996e+00
-1.135000000000000009e+00
-1.147999999999999909e+00
-1.161000000000000032e+00
-1.173999999999999932e+00
-1.187000000000000055e+00
-1.199000000000000066e+00
-1.211999999999999966e+00
-1.223999999999999977e+00
-1.235999999999999988e+00
-1.247999999999999998e+00
-1.260000000000000009e+00
-1.270999999999999908e+00
-1.282000000000000028e+00
-1.292000000000000037e+00
-1.300999999999999934e+00
-1.308999999999999941e+00
-1.314999999999999947e+00
-1.320000000000000062e+00
-1.322000000000000064e+00
-1.322000000000000064e+00
-1.318999999999999950e+00
-1.314000000000000057e+00
-1.306000000000000050e+00
-1.296999999999999931e+00
-1.286000000000000032e+00
-1.274999999999999911e+00
-1.262000000000000011e+00
-1.250000000000000000e+00
-1.235999999999999988e+00
-1.223000000000000087e+00
-1.209000000000000075e+00
-1.193999999999999950e+00
-1.179000000000000048e+00
-1.163000000000000034e+00
-1.147000000000000020e+00
-1.131999999999999895e+00
-1.116000000000000103e+00
-1.098999999999999977e+00
-1.082000000000000073e+00
-1.064000000000000057e+00
-1.044000000000000039e+00
-1.024000000000000021e+00
-1.002999999999999892e+00
-9.802999999999999492e-01
-9.573000000000000398e-01
-9.337999999999999634e-01
-9.098000000000000531e-01
-8.856000000000000538e-01
-8.611999999999999655e-01
-8.364000000000000323e-01
-8.113000000000000211e-01
-7.858000000000000540e-01
-7.598000000000000309e-01
-7.332999999999999519e-01
-7.064000000000000279e-01
-6.793000000000000149e-01
-6.519000000000000350e-01
-6.243999999999999551e-01
-5.968999999999999861e-01
-5.694000000000000172e-01
-5.420000000000000373e-01
-5.150000000000000133e-01
-4.885999999999999788e-01
-4.630000000000000226e-01
-4.383000000000000229e-01
-4.148000000000000020e-01
-3.926999999999999935e-01
-3.719999999999999973e-01
-3.528999999999999915e-01
-3.356000000000000094e-01
-3.199000000000000177e-01
-3.057000000000000273e-01
-2.932000000000000162e-01
-2.822999999999999954e-01
-2.727999999999999869e-01
-2.646999999999999909e-01
-2.576999999999999846e-01
-2.520000000000000018e-01
-2.474000000000000088e-01
-2.437999999999999889e-01
-2.414999999999999925e-01
-2.403000000000000136e-01
-2.404000000000000026e-01
-2.419999999999999929e-01
-2.451000000000000123e-01
-2.497999999999999943e-01
-2.560000000000000053e-01
-2.640000000000000124e-01
-2.735000000000000209e-01
-2.842999999999999972e-01
-2.959999999999999853e-01
-3.085999999999999854e-01
-3.219000000000000195e-01
-3.356999999999999984e-01
-3.501000000000000223e-01
-3.648000000000000131e-01
-3.798000000000000265e-01
-3.950000000000000178e-01
-4.099999999999999756e-01
-4.249999999999999889e-01
-4.399000000000000132e-01
-4.549000000000000266e-01
-4.704999999999999738e-01
-4.869999999999999885e-01
-5.046000000000000485e-01
-5.235999999999999543e-01
-5.440000000000000391e-01
-5.659999999999999476e-01
-5.894000000000000350e-01
-6.141999999999999682e-01
-6.403999999999999693e-01
-6.679000000000000492e-01
-6.967999999999999750e-01
-7.268000000000000016e-01
-7.577000000000000401e-01
-7.891000000000000236e-01
-8.208999999999999631e-01
-8.527000000000000135e-01
-8.840999999999999970e-01
-9.147999999999999465e-01
-9.445999999999999952e-01
-9.733000000000000540e-01
-1.000999999999999890e+00
-1.026999999999999913e+00
-1.052999999999999936e+00
-1.076999999999999957e+00
-1.100999999999999979e+00
-1.122999999999999998e+00
-1.145000000000000018e+00
-1.165999999999999925e+00
-1.185000000000000053e+00
-1.203999999999999959e+00
-1.223000000000000087e+00
-1.239999999999999991e+00
-1.256000000000000005e+00
-1.272000000000000020e+00
-1.286000000000000032e+00
-1.300000000000000044e+00
-1.312999999999999945e+00
-1.326000000000000068e+00
-1.338999999999999968e+00
-1.350000000000000089e+00
-1.360999999999999988e+00
-1.372000000000000108e+00
-1.381000000000000005e+00
-1.389999999999999902e+00
-1.397999999999999909e+00
-1.405000000000000027e+00
-1.409999999999999920e+00
-1.415000000000000036e+00
-1.417999999999999927e+00
-1.421000000000000041e+00
-1.423000000000000043e+00
-1.423999999999999932e+00
-1.423000000000000043e+00
-1.421000000000000041e+00
-1.417000000000000037e+00
-1.411000000000000032e+00
-1.403000000000000025e+00
-1.395000000000000018e+00
-1.385000000000000009e+00
-1.374000000000000110e+00
-1.362000000000000099e+00
-1.348999999999999977e+00
-1.336000000000000076e+00
-1.320999999999999952e+00
-1.304999999999999938e+00
-1.288000000000000034e+00
-1.270999999999999908e+00
-1.252000000000000002e+00
-1.233000000000000096e+00
-1.213999999999999968e+00
-1.193999999999999950e+00
-1.173999999999999932e+00
-1.153000000000000025e+00
-1.131000000000000005e+00
-1.108000000000000096e+00
-1.084000000000000075e+00
-1.060000000000000053e+00
-1.034999999999999920e+00
-1.008999999999999897e+00
-9.841999999999999638e-01
-9.588999999999999746e-01
-9.334999999999999964e-01
-9.080000000000000293e-01
-8.820000000000000062e-01
-8.554000000000000492e-01
-8.283000000000000362e-01
-8.007999999999999563e-01
-7.731000000000000094e-01
-7.452999999999999625e-01
-7.177000000000000046e-01
-6.901000000000000467e-01
-6.627999999999999448e-01
-6.358000000000000318e-01
-6.090999999999999748e-01
-5.826999999999999957e-01
-5.567999999999999616e-01
-5.315999999999999615e-01
-5.069000000000000172e-01
-4.830999999999999739e-01
-4.603999999999999759e-01
-4.389000000000000123e-01
-4.188000000000000056e-01
-4.003999999999999782e-01
-3.836999999999999855e-01
-3.685999999999999832e-01
-3.549999999999999822e-01
-3.431000000000000161e-01
-3.330000000000000182e-01
-3.246999999999999886e-01
-3.183000000000000274e-01
-3.138000000000000234e-01
-3.114000000000000101e-01
-3.110999999999999877e-01
-3.129000000000000115e-01
-3.165000000000000036e-01
-3.220000000000000084e-01
-3.291999999999999926e-01
-3.378999999999999782e-01
-3.478999999999999870e-01
-3.589999999999999858e-01
-3.709999999999999964e-01
-3.837999999999999745e-01
-3.973999999999999755e-01
-4.113999999999999879e-01
-4.255999999999999783e-01
-4.400000000000000022e-01
-4.544000000000000261e-01
-4.688999999999999835e-01
-4.838000000000000078e-01
-4.990999999999999881e-01
-5.150000000000000133e-01
-5.314999999999999725e-01
-5.486999999999999655e-01
-5.665000000000000036e-01
-5.852000000000000535e-01
-6.050999999999999712e-01
-6.262999999999999678e-01
-6.490000000000000213e-01
-6.733000000000000096e-01
-6.993000000000000327e-01
-7.268000000000000016e-01
-7.553999999999999604e-01
-7.851000000000000201e-01
-8.155999999999999917e-01
-8.467999999999999972e-01
-8.786000000000000476e-01
-9.110000000000000320e-01
-9.438999999999999613e-01
-9.769999999999999796e-01
-1.010000000000000009e+00
-1.042999999999999927e+00
-1.076000000000000068e+00
-1.108000000000000096e+00
-1.139000000000000012e+00
-1.169000000000000039e+00
-1.197999999999999954e+00
-1.225999999999999979e+00
-1.252000000000000002e+00
-1.278000000000000025e+00
-1.302000000000000046e+00
-1.324000000000000066e+00
-1.344999999999999973e+00
-1.364000000000000101e+00
-1.381000000000000005e+00
-1.395999999999999908e+00
-1.409999999999999920e+00
-1.423000000000000043e+00
-1.433999999999999941e+00
-1.445000000000000062e+00
-1.453999999999999959e+00
-1.463000000000000078e+00
-1.469999999999999973e+00
-1.477000000000000091e+00
-1.483999999999999986e+00
-1.489000000000000101e+00
-1.495000000000000107e+00
-1.500000000000000000e+00
-1.504999999999999893e+00
-1.508999999999999897e+00
-1.512999999999999901e+00
-1.516000000000000014e+00
-1.518000000000000016e+00
-1.520000000000000018e+00
-1.520000000000000018e+00
-1.518999999999999906e+00
-1.516999999999999904e+00
-1.512999999999999901e+00
-1.508000000000000007e+00
-1.500999999999999890e+00
-1.491999999999999993e+00
-1.481000000000000094e+00
-1.469000000000000083e+00
-1.455000000000000071e+00
-1.441000000000000059e+00
-1.425000000000000044e+00
-1.407000000000000028e+00
-1.389000000000000012e+00
-1.368999999999999995e+00
-1.348999999999999977e+00
-1.328000000000000069e+00
-1.306000000000000050e+00
-1.284000000000000030e+00
-1.262000000000000011e+00
-1.237999999999999989e+00
-1.213999999999999968e+00
-1.189000000000000057e+00
-1.163999999999999924e+00
-1.137999999999999901e+00
-1.112000000000000099e+00
-1.086000000000000076e+00
-1.058999999999999941e+00
-1.032000000000000028e+00
-1.006000000000000005e+00
-9.795000000000000373e-01
-9.532000000000000473e-01
-9.267999999999999572e-01
-9.002000000000000002e-01
-8.733999999999999542e-01
-8.463000000000000522e-01
-8.188999999999999613e-01
-7.912000000000000144e-01
-7.631999999999999895e-01
-7.350999999999999757e-01
-7.066999999999999948e-01
-6.783000000000000140e-01
-6.500000000000000222e-01
-6.220999999999999863e-01
-5.947000000000000064e-01
-5.682000000000000384e-01
-5.427999999999999492e-01
-5.188000000000000389e-01
-4.963000000000000189e-01
-4.754999999999999782e-01
-4.565000000000000169e-01
-4.394000000000000128e-01
-4.244999999999999885e-01
-4.116000000000000214e-01
-4.010000000000000231e-01
-3.926000000000000045e-01
-3.865000000000000102e-01
-3.825999999999999956e-01
-3.810000000000000053e-01
-3.815000000000000058e-01
-3.840000000000000080e-01
-3.884000000000000230e-01
-3.946000000000000063e-01
-4.022000000000000020e-01
-4.111000000000000210e-01
-4.213000000000000078e-01
-4.326999999999999735e-01
-4.450999999999999956e-01
-4.586000000000000076e-01
-4.731000000000000205e-01
-4.882000000000000228e-01
-5.038000000000000256e-01
-5.200000000000000178e-01
-5.365999999999999659e-01
-5.535999999999999810e-01
-5.711000000000000520e-01
-5.889999999999999680e-01
-6.072999999999999510e-01
-6.260999999999999899e-01
-6.455999999999999517e-01
-6.657999999999999474e-01
-6.866999999999999771e-01
-7.085000000000000187e-01
-7.312999999999999501e-01
-7.550999999999999934e-01
-7.802999999999999936e-01
-8.070000000000000506e-01
-8.354000000000000314e-01
-8.653999999999999471e-01
-8.969000000000000306e-01
-9.298999999999999488e-01
-9.641999999999999460e-01
-9.995000000000000551e-01
-1.036000000000000032e+00
-1.072999999999999954e+00
-1.110000000000000098e+00
-1.147000000000000020e+00
-1.183999999999999941e+00
-1.221000000000000085e+00
-1.256000000000000005e+00
-1.290000000000000036e+00
-1.322999999999999954e+00
-1.352999999999999980e+00
-1.381000000000000005e+00
-1.405999999999999917e+00
-1.429999999999999938e+00
-1.451000000000000068e+00
-1.471000000000000085e+00
-1.487999999999999989e+00
-1.504999999999999893e+00
-1.518999999999999906e+00
-1.532000000000000028e+00
-1.542999999999999927e+00
-1.552000000000000046e+00
-1.560000000000000053e+00
-1.566000000000000059e+00
-1.572000000000000064e+00
-1.576999999999999957e+00
-1.582000000000000073e+00
-1.586000000000000076e+00
-1.590999999999999970e+00
-1.594999999999999973e+00
-1.598000000000000087e+00
-1.600999999999999979e+00
-1.604000000000000092e+00
-1.606000000000000094e+00
-1.608000000000000096e+00
-1.608999999999999986e+00
-1.610000000000000098e+00
-1.610000000000000098e+00
-1.608999999999999986e+00
-1.606999999999999984e+00
-1.602999999999999980e+00
-1.596999999999999975e+00
-1.588999999999999968e+00
-1.578999999999999959e+00
-1.566999999999999948e+00
-1.554000000000000048e+00
-1.538000000000000034e+00
-1.520999999999999908e+00
-1.502000000000000002e+00
-1.481999999999999984e+00
-1.459999999999999964e+00
-1.437000000000000055e+00
-1.413000000000000034e+00
-1.387999999999999901e+00
-1.362000000000000099e+00
-1.336000000000000076e+00
-1.308999999999999941e+00
-1.282999999999999918e+00
-1.256000000000000005e+00
-1.229000000000000092e+00
-1.201999999999999957e+00
-1.175000000000000044e+00
-1.147999999999999909e+00
-1.120000000000000107e+00
-1.092999999999999972e+00
-1.066000000000000059e+00
-1.038999999999999924e+00
-1.012000000000000011e+00
-9.856000000000000316e-01
-9.589999999999999636e-01
-9.322000000000000286e-01
-9.050000000000000266e-01
-8.774999999999999467e-01
-8.494000000000000439e-01
-8.206999999999999851e-01
-7.914999999999999813e-01
-7.621999999999999886e-01
-7.328000000000000069e-01
-7.036999999999999922e-01
-6.751000000000000334e-01
-6.471999999999999975e-01
-6.199999999999999956e-01
-5.939999999999999725e-01
-5.695000000000000062e-01
-5.464999999999999858e-01
-5.252000000000000002e-01
-5.058000000000000274e-01
-4.887000000000000233e-01
-4.738999999999999879e-01
-4.617999999999999883e-01
-4.522999999999999798e-01
-4.455999999999999961e-01
-4.415000000000000036e-01
-4.399000000000000132e-01
-4.406999999999999806e-01
-4.435999999999999943e-01
-4.485999999999999988e-01
-4.556000000000000050e-01
-4.642000000000000015e-01
-4.744999999999999774e-01
-4.863999999999999990e-01
-4.998000000000000220e-01
-5.143999999999999684e-01
-5.301000000000000156e-01
-5.466999999999999638e-01
-5.637999999999999678e-01
-5.810999999999999499e-01
-5.986000000000000210e-01
-6.163999999999999480e-01
-6.343999999999999639e-01
-6.528000000000000469e-01
-6.713999999999999968e-01
-6.904000000000000137e-01
-7.098999999999999755e-01
-7.299999999999999822e-01
-7.506000000000000449e-01
-7.721000000000000085e-01
-7.946999999999999620e-01
-8.187999999999999723e-01
-8.447000000000000064e-01
-8.725000000000000533e-01
-9.023999999999999799e-01
-9.342000000000000304e-01
-9.679999999999999716e-01
-1.004000000000000004e+00
-1.040999999999999925e+00
-1.080000000000000071e+00
-1.118999999999999995e+00
-1.159999999999999920e+00
-1.201000000000000068e+00
-1.241999999999999993e+00
-1.282999999999999918e+00
-1.322000000000000064e+00
-1.360000000000000098e+00
-1.397000000000000020e+00
-1.431000000000000050e+00
-1.463000000000000078e+00
-1.491999999999999993e+00
-1.518999999999999906e+00
-1.544000000000000039e+00
-1.566000000000000059e+00
-1.586000000000000076e+00
-1.602999999999999980e+00
-1.618000000000000105e+00
-1.631000000000000005e+00
-1.641000000000000014e+00
-1.649000000000000021e+00
-1.655000000000000027e+00
-1.659000000000000030e+00
-1.661999999999999922e+00
-1.663999999999999924e+00
-1.665999999999999925e+00
-1.667999999999999927e+00
-1.669000000000000039e+00
-1.671000000000000041e+00
-1.673000000000000043e+00
-1.675000000000000044e+00
-1.677000000000000046e+00
-1.679000000000000048e+00
-1.681000000000000050e+00
-1.683000000000000052e+00
-1.683999999999999941e+00
-1.683999999999999941e+00
-1.683999999999999941e+00
-1.681999999999999940e+00
-1.679000000000000048e+00
-1.673999999999999932e+00
-1.665999999999999925e+00
-1.655999999999999917e+00
-1.643999999999999906e+00
-1.631000000000000005e+00
-1.614999999999999991e+00
-1.598000000000000087e+00
-1.580000000000000071e+00
-1.560000000000000053e+00
-1.538000000000000034e+00
-1.514000000000000012e+00
-1.489000000000000101e+00
-1.463000000000000078e+00
-1.435999999999999943e+00
-1.407999999999999918e+00
-1.379999999999999893e+00
-1.352999999999999980e+00
-1.324999999999999956e+00
-1.298000000000000043e+00
-1.270000000000000018e+00
