Total Derivatives Check

  root: 'obj' wrt 'airfoil_parameterization'

    Forward Magnitude : 7.897951e+01
    Reverse Magnitude : 7.897951e+01
         Fd Magnitude : 2.119091e-01

    Absolute Error (Jfor - Jfd) : 7.895474e+01
    Absolute Error (Jrev - Jfd) : 7.895474e+01
    Absolute Error (Jfor - Jrev): 1.363911e-09

    Relative Error (Jfor - Jfd) : 3.725877e+02
    Relative Error (Jrev - Jfd) : 3.725877e+02
    Relative Error (Jfor - Jrev): 6.436302e-09

    Raw Forward Derivative (Jfor)

[[ -1.04849700e-02  -1.46359442e-02  -1.61171617e-02  -3.23120463e-02
    7.89787113e+01   4.23620284e-03   9.06175777e-03   1.78293779e-02
   -2.10187535e-02  -3.41787174e-02  -3.76459022e-02  -6.48697809e-02
    2.12011753e-02  -8.16491231e-03   3.24259567e-02   4.34385088e-02
   -9.35377448e-03  -2.12134269e-02  -2.31405992e-02  -3.65095154e-02
    1.88919575e-03  -1.67179735e-02   1.14318724e-03   2.71447357e-02
   -2.57067335e-02  -3.59773302e-02  -3.66330911e-02  -4.93667185e-02
   -6.36559299e-02  -3.44609415e-02  -2.00741542e-02   6.60654929e-03
   -1.66853669e-02  -2.14661423e-02  -2.13121846e-02  -3.48860297e-02
    4.18847063e-02  -8.84421859e-03  -1.72254501e-02   3.99770267e-03
   -3.72144597e-02  -5.34137665e-02  -5.58469161e-02  -7.95822948e-02
    2.41714800e-01  -1.37014672e-01  -4.66936593e-02   1.53750288e-02]]

    Raw Reverse Derivative (Jrev)

[[ -1.04849700e-02  -1.46359442e-02  -1.61171617e-02  -3.23120463e-02
    7.89787113e+01   4.23620284e-03   9.06175777e-03   1.78293779e-02
   -2.10187535e-02  -3.41787174e-02  -3.76459022e-02  -6.48697809e-02
    2.12011753e-02  -8.16491231e-03   3.24259567e-02   4.34385088e-02
   -9.35377448e-03  -2.12134269e-02  -2.31405992e-02  -3.65095154e-02
    1.88919575e-03  -1.67179735e-02   1.14318724e-03   2.71447357e-02
   -2.57067335e-02  -3.59773302e-02  -3.66330911e-02  -4.93667185e-02
   -6.36559299e-02  -3.44609415e-02  -2.00741542e-02   6.60654929e-03
   -1.66853669e-02  -2.14661423e-02  -2.13121846e-02  -3.48860297e-02
    4.18847063e-02  -8.84421859e-03  -1.72254501e-02   3.99770267e-03
   -3.72144597e-02  -5.34137665e-02  -5.58469161e-02  -7.95822948e-02
    2.41714800e-01  -1.37014672e-01  -4.66936593e-02   1.53750288e-02]]

    Raw FD Derivative (Jfor)

[[ -1.03348787e-02  -1.46045618e-02  -1.60069451e-02  -3.20391356e-02
    2.44414848e-02   5.12619525e-03   9.10525344e-03   1.76878971e-02
   -2.00827768e-02  -3.46188318e-02  -3.82831686e-02  -6.61490858e-02
    2.26857870e-02  -8.90759488e-03   3.28203065e-02   4.47246262e-02
   -1.39450906e-02  -2.20593888e-02  -2.35683391e-02  -3.69200255e-02
   -1.48850354e-03  -1.51654962e-02   2.85174928e-03   2.66964231e-02
   -2.82315609e-02  -3.65652337e-02  -3.77821414e-02  -5.08230298e-02
   -9.43925671e-03  -1.91549423e-02  -1.94215020e-02   6.48717946e-03
   -1.40399208e-02  -2.17745189e-02  -2.20495318e-02  -3.61233192e-02
   -1.53697055e-05  -8.45567083e-03  -1.95241998e-02   4.15397161e-03
   -4.36895207e-02  -5.44471974e-02  -5.80637303e-02  -8.29504061e-02
    1.15157601e-02  -1.07649352e-02  -4.50617061e-02   1.61072753e-02]]
