0.0 5590.87 614.343E9 614.343E9 472.751E9 138.127E9 24866.3 24866.3 0.0 0.0
0.1 5232.43 534.821E9 534.821E9 411.558E9 129.272E9 21647.5 21647.5 0.0 0.0
0.2 4885.76 463.267E9 463.267E9 356.495E9 120.707E9 18751.3 18751.3 0.0 0.0
0.3 4550.87 399.131E9 399.131E9 307.141E9 112.433E9 16155.3 16155.3 0.0 0.0
0.4 4227.75 341.883E9 341.883E9 263.087E9 104.450E9 13838.1 13838.1 0.0 0.0
0.5 3916.41 291.011E9 291.011E9 223.940E9 96.758E9 11779.0 11779.0 0.0 0.0
0.6 3616.83 246.027E9 246.027E9 189.323E9 89.357E9 9958.2 9958.2 0.0 0.0
0.7 3329.03 206.457E9 206.457E9 158.874E9 82.247E9 8356.6 8356.6 0.0 0.0
0.8 3053.01 171.851E9 171.851E9 132.244E9 75.427E9 6955.9 6955.9 0.0 0.0
0.9 2788.75 141.776E9 141.776E9 109.100E9 68.899E9 5738.6 5738.6 0.0 0.0
1.0 2536.27 115.820E9 115.820E9 89.126E9 62.661E9 4688.0 4688.0 0.0 0.0