1.068842353877056763e+07 2.873043290679707751e+07 3.493970306957919151e+07 1.514311845954617858e+07 1.929388315359523892e+07 1.617633229991625622e+07 1.323660288148826174e+07
1.079668565564577654e+07 2.908807315045015141e+07 3.543027612359824777e+07 1.539896110018691234e+07 1.961985286897561699e+07 1.659259937884886935e+07 1.361888744124243408e+07
1.133799624002181925e+07 3.050869967384987324e+07 3.709277369555170089e+07 1.606968369862343185e+07 2.047442212281065434e+07 1.657323811936363019e+07 1.339907381938378327e+07
1.067858152814554982e+07 2.870062955315932259e+07 3.485794089390935004e+07 1.508780113184007443e+07 1.922340321513461694e+07 1.598271970506387576e+07 1.303590348761732131e+07
1.079668565564577654e+07 2.908807315045015141e+07 3.543027612359824777e+07 1.539896110018691234e+07 1.961985286897561699e+07 1.659259937884886935e+07 1.361888744124243408e+07
1.146266170793872699e+07 3.084647101507777721e+07 3.750158457390091568e+07 1.624946501366827637e+07 2.070348192280767858e+07 1.669908630601767637e+07 1.348508784532847442e+07
1.067858152814554982e+07 2.870062955315932259e+07 3.485794089390935004e+07 1.508780113184007443e+07 1.922340321513461694e+07 1.598271970506387576e+07 1.303590348761732131e+07
1.348027388606761023e+07 3.685681399869196117e+07 4.555515887738035619e+07 2.017699528080171347e+07 2.570755755351183191e+07 1.963231711803121492e+07 1.565455272193340957e+07
1.079668565564577654e+07 2.908807315045015141e+07 3.543027612359824777e+07 1.539896110018691234e+07 1.961985286897561699e+07 1.659259937884886935e+07 1.361888744124243408e+07
1.146266170793872699e+07 3.084647101507777721e+07 3.750158457390091568e+07 1.624946501366827637e+07 2.070348192280767858e+07 1.669908630601767637e+07 1.348508784532847442e+07
5.281879035426829942e+06 1.425593749006009847e+07 1.766062994468589872e+07 7.875804532156664878e+06 1.003458123833104037e+07 9.932326115927034989e+06 8.393057509402882308e+06
2.398169922296281904e+06 5.761981703299552202e+06 6.297050229505673051e+06 2.383485357536789030e+06 3.036804348422045354e+06 5.764815011729581282e+06 5.524011888447809033e+06
1.079668565564577654e+07 2.908807315045015141e+07 3.543027612359824777e+07 1.539896110018691234e+07 1.961985286897561699e+07 1.659259937884886935e+07 1.361888744124243408e+07
1.348027388606761023e+07 3.685681399869196117e+07 4.555515887738035619e+07 2.017699528080171347e+07 2.570755755351183191e+07 1.963231711803121492e+07 1.565455272193340957e+07
1.079668565564577654e+07 2.908807315045015141e+07 3.543027612359824777e+07 1.539896110018691234e+07 1.961985286897561699e+07 1.659259937884886935e+07 1.361888744124243408e+07
1.348027388606761023e+07 3.685681399869196117e+07 4.555515887738035619e+07 2.017699528080171347e+07 2.570755755351183191e+07 1.963231711803121492e+07 1.565455272193340957e+07
1.079668565564577654e+07 2.908807315045015141e+07 3.543027612359824777e+07 1.539896110018691234e+07 1.961985286897561699e+07 1.659259937884886935e+07 1.361888744124243408e+07
1.079668565564577654e+07 2.908807315045015141e+07 3.543027612359824777e+07 1.539896110018691234e+07 1.961985286897561699e+07 1.659259937884886935e+07 1.361888744124243408e+07
