---
---
---
Tower Parameters
 11
False
  1.0
  1.0
  1.0
  1.0
Tower Adjustment Factors
  1.0
  1.0
  1.0
  1.0
  1.0
  1.0
  1.0
Distributed Tower Properties
---
---
0.00000	5590.87000	614343000000.00000	614343000000.00000	472751000000.00000	138127000000.00000	24866.30000	24866.30000	0.00000	0.00000
0.10000	5232.43000	534821000000.00000	534821000000.00000	411558000000.00000	129272000000.00000	21647.50000	21647.50000	0.00000	0.00000
0.20000	4885.76000	463267000000.00000	463267000000.00000	356495000000.00000	120707000000.00000	18751.30000	18751.30000	0.00000	0.00000
0.30000	4550.87000	399131000000.00000	399131000000.00000	307141000000.00000	112433000000.00000	16155.30000	16155.30000	0.00000	0.00000
0.40000	4227.75000	341883000000.00000	341883000000.00000	263087000000.00000	104450000000.00000	13838.10000	13838.10000	0.00000	0.00000
0.50000	3916.41000	291011000000.00000	291011000000.00000	223940000000.00000	96758000000.00000	11779.00000	11779.00000	0.00000	0.00000
0.60000	3616.83000	246027000000.00000	246027000000.00000	189323000000.00000	89357000000.00000	9958.20000	9958.20000	0.00000	0.00000
0.70000	3329.03000	206457000000.00000	206457000000.00000	158874000000.00000	82247000000.00000	8356.60000	8356.60000	0.00000	0.00000
0.80000	3053.01000	171851000000.00000	171851000000.00000	132244000000.00000	75427000000.00000	6955.90000	6955.90000	0.00000	0.00000
0.90000	2788.75000	141776000000.00000	141776000000.00000	109100000000.00000	68899000000.00000	5738.60000	5738.60000	0.00000	0.00000
1.00000	2536.27000	115820000000.00000	115820000000.00000	89126000000.00000	62661000000.00000	4688.00000	4688.00000	0.00000	0.00000
Tower Fore-Aft Mode Shapes
0.7004
2.1963
-5.6202
6.2275
-2.504
-70.5319
-63.7623
289.7369
-176.5134
22.0706
Tower Side-to-Side Mode Shapes
1.385
-1.7684
3.0871
-2.2395
0.5357
-121.2097
184.4151
-224.9037
298.536
-135.8377
