40.0
40.013
40.025
40.038
40.05
40.062
40.075
40.088
40.1
40.113
40.125
40.138
40.15
40.163
40.175
40.188
40.2
40.213
40.225
40.238
40.25
40.263
40.275
40.288
40.3
40.312
40.325
40.338
40.35
40.363
40.375
40.388
40.4
40.413
40.425
40.438
40.45
40.463
40.475
40.488
40.5
40.513
40.525
40.538
40.55
40.562
40.575
40.588
40.6
40.613
40.625
40.638
40.65
40.663
40.675
40.688
40.7
40.713
40.725
40.738
40.75
40.763
40.775
40.788
40.8
40.812
40.825
40.838
40.85
40.863
40.875
40.888
40.9
40.913
40.925
40.938
40.95
40.963
40.975
40.988
41.0
41.013
41.025
41.038
41.05
41.062
41.075
41.088
41.1
41.113
41.125
41.138
41.15
41.163
41.175
41.188
41.2
41.213
41.225
41.238
41.25
41.263
41.275
41.288
41.3
41.312
41.325
41.338
41.35
41.363
41.375
41.388
41.4
41.413
41.425
41.438
41.45
41.463
41.475
41.488
41.5
41.513
41.525
41.538
41.55
41.562
41.575
41.588
41.6
41.613
41.625
41.638
41.65
41.663
41.675
41.688
41.7
41.713
41.725
41.738
41.75
41.763
41.775
41.788
41.8
41.812
41.825
41.838
41.85
41.863
41.875
41.888
41.9
41.913
41.925
41.938
41.95
41.963
41.975
41.988
42.0
42.013
42.025
42.038
42.05
42.062
42.075
42.088
42.1
42.113
42.125
42.138
42.15
42.163
42.175
42.188
42.2
42.213
42.225
42.238
42.25
42.263
42.275
42.288
42.3
42.312
42.325
42.338
42.35
42.363
42.375
42.388
42.4
42.413
42.425
42.438
42.45
42.463
42.475
42.488
42.5
42.513
42.525
42.538
42.55
42.562
42.575
42.588
42.6
42.613
42.625
42.638
42.65
42.663
42.675
42.688
42.7
42.713
42.725
42.738
42.75
42.763
42.775
42.788
42.8
42.812
42.825
42.838
42.85
42.863
42.875
42.888
42.9
42.913
42.925
42.938
42.95
42.963
42.975
42.988
43.0
43.013
43.025
43.038
43.05
43.062
43.075
43.088
43.1
43.113
43.125
43.138
43.15
43.163
43.175
43.188
43.2
43.213
43.225
43.238
43.25
43.263
43.275
43.288
43.3
43.312
43.325
43.338
43.35
43.363
43.375
43.388
43.4
43.413
43.425
43.438
43.45
43.463
43.475
43.488
43.5
43.513
43.525
43.538
43.55
43.562
43.575
43.588
43.6
43.613
43.625
43.638
43.65
43.663
43.675
43.688
43.7
43.713
43.725
43.738
43.75
43.763
43.775
43.788
43.8
43.812
43.825
43.838
43.85
43.863
43.875
43.888
43.9
43.913
43.925
43.938
43.95
43.963
43.975
43.988
44.0
44.013
44.025
44.038
44.05
44.062
44.075
44.088
44.1
44.113
44.125
44.138
44.15
44.163
44.175
44.188
44.2
44.213
44.225
44.238
44.25
44.263
44.275
44.288
44.3
44.312
44.325
44.338
44.35
44.363
44.375
44.388
44.4
44.413
44.425
44.438
44.45
44.463
44.475
44.488
44.5
44.513
44.525
44.538
44.55
44.562
44.575
44.588
44.6
44.613
44.625
44.638
44.65
44.663
44.675
44.688
44.7
44.713
44.725
44.738
44.75
44.763
44.775
44.788
44.8
44.812
44.825
44.838
44.85
44.863
44.875
44.888
44.9
44.913
44.925
44.938
44.95
44.963
44.975
44.988
45.0
45.013
45.025
45.038
45.05
45.062
45.075
45.088
45.1
45.113
45.125
45.138
45.15
45.163
45.175
45.188
45.2
45.213
45.225
45.238
45.25
45.263
45.275
45.288
45.3
45.312
45.325
45.338
45.35
45.363
45.375
45.388
45.4
45.413
45.425
45.438
45.45
45.463
45.475
45.488
45.5
45.513
45.525
45.538
45.55
45.562
45.575
45.588
45.6
45.613
45.625
45.638
45.65
45.663
45.675
45.688
45.7
45.713
45.725
45.738
45.75
45.763
45.775
45.788
45.8
45.812
45.825
45.838
45.85
45.863
45.875
45.888
45.9
45.913
45.925
45.938
45.95
45.963
45.975
45.988
46.0
46.013
46.025
46.038
46.05
46.062
46.075
46.088
46.1
46.113
46.125
46.138
46.15
46.163
46.175
46.188
46.2
46.213
46.225
46.238
46.25
46.263
46.275
46.288
46.3
46.312
46.325
46.338
46.35
46.363
46.375
46.388
46.4
46.413
46.425
46.438
46.45
46.463
46.475
46.488
46.5
46.513
46.525
46.538
46.55
46.562
46.575
46.588
46.6
46.613
46.625
46.638
46.65
46.663
46.675
46.688
46.7
46.713
46.725
46.738
46.75
46.763
46.775
46.788
46.8
46.812
46.825
46.838
46.85
46.863
46.875
46.888
46.9
46.913
46.925
46.938
46.95
46.963
46.975
46.988
47.0
47.013
47.025
47.038
47.05
47.062
47.075
47.088
47.1
47.113
47.125
47.138
47.15
47.163
47.175
47.188
47.2
47.213
47.225
47.238
47.25
47.263
47.275
47.288
47.3
47.312
47.325
47.338
47.35
47.363
47.375
47.388
47.4
47.413
47.425
47.438
47.45
47.463
47.475
47.488
47.5
47.513
47.525
47.538
47.55
47.562
47.575
47.588
47.6
47.613
47.625
47.638
47.65
47.663
47.675
47.688
47.7
47.713
47.725
47.738
47.75
47.763
47.775
47.788
47.8
47.812
47.825
47.838
47.85
47.863
47.875
47.888
47.9
47.913
47.925
47.938
47.95
47.963
47.975
47.988
48.0
48.013
48.025
48.038
48.05
48.062
48.075
48.088
48.1
48.113
48.125
48.138
48.15
48.163
48.175
48.188
48.2
48.213
48.225
48.238
48.25
48.263
48.275
48.288
48.3
48.312
48.325
48.338
48.35
48.363
48.375
48.388
48.4
48.413
48.425
48.438
48.45
48.463
48.475
48.488
48.5
48.513
48.525
48.538
48.55
48.562
48.575
48.588
48.6
48.613
48.625
48.638
48.65
48.663
48.675
48.688
48.7
48.713
48.725
48.738
48.75
48.763
48.775
48.788
48.8
48.812
48.825
48.838
48.85
48.863
48.875
48.888
48.9
48.913
48.925
48.938
48.95
48.963
48.975
48.988
49.0
49.013
49.025
49.038
49.05
49.062
49.075
49.088
49.1
49.113
49.125
49.138
49.15
49.163
49.175
49.188
49.2
49.213
49.225
49.238
49.25
49.263
49.275
49.288
49.3
49.312
49.325
49.338
49.35
49.363
49.375
49.388
49.4
49.413
49.425
49.438
49.45
49.463
49.475
49.488
49.5
49.513
49.525
49.538
49.55
49.562
49.575
49.588
49.6
49.613
49.625
49.638
49.65
49.663
49.675
49.688
49.7
49.713
49.725
49.738
49.75
49.763
49.775
49.788
49.8
49.812
49.825
49.838
49.85
49.863
49.875
49.888
49.9
49.913
49.925
49.938
49.95
49.963
49.975
49.988
50.0
50.013
50.025
50.038
50.05
50.062
50.075
50.088
50.1
50.113
50.125
50.138
50.15
50.163
50.175
50.188
50.2
50.213
50.225
50.238
50.25
50.263
50.275
50.288
50.3
50.312
50.325
50.338
50.35
50.363
50.375
50.388
50.4
50.413
50.425
50.438
50.45
50.463
50.475
50.488
50.5
50.513
50.525
50.538
50.55
50.562
50.575
50.588
50.6
50.613
50.625
50.638
50.65
50.663
50.675
50.688
50.7
50.713
50.725
50.738
50.75
50.763
50.775
50.788
50.8
50.812
50.825
50.838
50.85
50.863
50.875
50.888
50.9
50.913
50.925
50.938
50.95
50.963
50.975
50.988
51.0
51.013
51.025
51.038
51.05
51.062
51.075
51.088
51.1
51.113
51.125
51.138
51.15
51.163
51.175
51.188
51.2
51.213
51.225
51.238
51.25
51.263
51.275
51.288
51.3
51.312
51.325
51.338
51.35
51.363
51.375
51.388
51.4
51.413
51.425
51.438
51.45
51.463
51.475
51.488
51.5
51.513
51.525
51.538
51.55
51.562
51.575
51.588
51.6
51.613
51.625
51.638
51.65
51.663
51.675
51.688
51.7
51.713
51.725
51.738
51.75
51.763
51.775
51.788
51.8
51.812
51.825
51.838
51.85
51.863
51.875
51.888
51.9
51.913
51.925
51.938
51.95
51.963
51.975
51.988
52.0
52.013
52.025
52.038
52.05
52.062
52.075
52.088
52.1
52.113
52.125
52.138
52.15
52.163
52.175
52.188
52.2
52.213
52.225
52.238
52.25
52.263
52.275
52.288
52.3
52.312
52.325
52.338
52.35
52.363
52.375
52.388
52.4
52.413
52.425
52.438
52.45
52.463
52.475
52.488
52.5
52.513
52.525
52.538
52.55
52.562
52.575
52.588
52.6
52.613
52.625
52.638
52.65
52.663
52.675
52.688
52.7
52.713
52.725
52.738
52.75
52.763
52.775
52.788
52.8
52.812
52.825
52.838
52.85
52.863
52.875
52.888
52.9
52.913
52.925
52.938
52.95
52.963
52.975
52.988
53.0
53.013
53.025
53.038
53.05
53.062
53.075
53.088
53.1
53.113
53.125
53.138
53.15
53.163
53.175
53.188
53.2
53.213
53.225
53.238
53.25
53.263
53.275
53.288
53.3
53.312
53.325
53.338
53.35
53.363
53.375
53.388
53.4
53.413
53.425
53.438
53.45
53.463
53.475
53.488
53.5
53.513
53.525
53.538
53.55
53.562
53.575
53.588
53.6
53.613
53.625
53.638
53.65
53.663
53.675
53.688
53.7
53.713
53.725
53.738
53.75
53.763
53.775
53.788
53.8
53.812
53.825
53.838
53.85
53.863
53.875
53.888
53.9
53.913
53.925
53.938
53.95
53.963
53.975
53.988
54.0
54.013
54.025
54.038
54.05
54.062
54.075
54.088
54.1
54.113
54.125
54.138
54.15
54.163
54.175
54.188
54.2
54.213
54.225
54.238
54.25
54.263
54.275
54.288
54.3
54.312
54.325
54.338
54.35
54.363
54.375
54.388
54.4
54.413
54.425
54.438
54.45
54.463
54.475
54.488
54.5
54.513
54.525
54.538
54.55
54.562
54.575
54.588
54.6
54.613
54.625
54.638
54.65
54.663
54.675
54.688
54.7
54.713
54.725
54.738
54.75
54.763
54.775
54.788
54.8
54.812
54.825
54.838
54.85
54.863
54.875
54.888
54.9
54.913
54.925
54.938
54.95
54.963
54.975
54.988
55.0
55.013
55.025
55.038
55.05
55.062
55.075
55.088
55.1
55.113
55.125
55.138
55.15
55.163
55.175
55.188
55.2
55.213
55.225
55.238
55.25
55.263
55.275
55.288
55.3
55.312
55.325
55.338
55.35
55.363
55.375
55.388
55.4
55.413
55.425
55.438
55.45
55.463
55.475
55.488
55.5
55.513
55.525
55.538
55.55
55.562
55.575
55.588
55.6
55.613
55.625
55.638
55.65
55.663
55.675
55.688
55.7
55.713
55.725
55.738
55.75
55.763
55.775
55.788
55.8
55.812
55.825
55.838
55.85
55.863
55.875
55.888
55.9
55.913
55.925
55.938
55.95
55.963
55.975
55.988
56.0
56.013
56.025
56.038
56.05
56.062
56.075
56.088
56.1
56.113
56.125
56.138
56.15
56.163
56.175
56.188
56.2
56.213
56.225
56.238
56.25
56.263
56.275
56.288
56.3
56.312
56.325
56.338
56.35
56.363
56.375
56.388
56.4
56.413
56.425
56.438
56.45
56.463
56.475
56.488
56.5
56.513
56.525
56.538
56.55
56.562
56.575
56.588
56.6
56.613
56.625
56.638
56.65
56.663
56.675
56.688
56.7
56.713
56.725
56.738
56.75
56.763
56.775
56.788
56.8
56.812
56.825
56.838
56.85
56.863
56.875
56.888
56.9
56.913
56.925
56.938
56.95
56.963
56.975
56.988
57.0
57.013
57.025
57.038
57.05
57.062
57.075
57.088
57.1
57.113
57.125
57.138
57.15
57.163
57.175
57.188
57.2
57.213
57.225
57.238
57.25
57.263
57.275
57.288
57.3
57.312
57.325
57.338
57.35
57.363
57.375
57.388
57.4
57.413
57.425
57.438
57.45
57.463
57.475
57.488
57.5
57.513
57.525
57.538
57.55
57.562
57.575
57.588
57.6
57.613
57.625
57.638
57.65
57.663
57.675
57.688
57.7
57.713
57.725
57.738
57.75
57.763
57.775
57.788
57.8
57.812
57.825
57.838
57.85
57.863
57.875
57.888
57.9
57.913
57.925
57.938
57.95
57.963
57.975
57.988
58.0
58.013
58.025
58.038
58.05
58.062
58.075
58.088
58.1
58.113
58.125
58.138
58.15
58.163
58.175
58.188
58.2
58.213
58.225
58.238
58.25
58.263
58.275
58.288
58.3
58.312
58.325
58.338
58.35
58.363
58.375
58.388
58.4
58.413
58.425
58.438
58.45
58.463
58.475
58.488
58.5
58.513
58.525
58.538
58.55
58.562
58.575
58.588
58.6
58.613
58.625
58.638
58.65
58.663
58.675
58.688
58.7
58.713
58.725
58.738
58.75
58.763
58.775
58.788
58.8
58.812
58.825
58.838
58.85
58.863
58.875
58.888
58.9
58.913
58.925
58.938
58.95
58.963
58.975
58.988
59.0
59.013
59.025
59.038
59.05
59.062
59.075
59.088
59.1
59.113
59.125
59.138
59.15
59.163
59.175
59.188
59.2
59.213
59.225
59.238
59.25
59.263
59.275
59.288
59.3
59.312
59.325
59.338
59.35
59.363
59.375
59.388
59.4
59.413
59.425
59.438
59.45
59.463
59.475
59.488
59.5
59.513
59.525
59.538
59.55
59.562
59.575
59.588
59.6
59.613
59.625
59.638
59.65
59.663
59.675
59.688
59.7
59.713
59.725
59.738
59.75
59.763
59.775
59.788
59.8
59.812
59.825
59.838
59.85
59.863
59.875
59.888
59.9
59.913
59.925
59.938
59.95
59.963
59.975
59.988
60.0
60.013
60.025
60.038
60.05
60.062
60.075
60.088
60.1
60.113
60.125
60.138
60.15
60.163
60.175
60.188
60.2
60.213
60.225
60.238
60.25
60.263
60.275
60.288
60.3
60.312
60.325
60.338
60.35
60.363
60.375
60.388
60.4
60.413
60.425
60.438
60.45
60.463
60.475
60.488
60.5
60.513
60.525
60.538
60.55
60.562
60.575
60.588
60.6
60.613
60.625
60.638
60.65
60.663
60.675
60.688
60.7
60.713
60.725
60.738
60.75
60.763
60.775
60.788
60.8
60.812
60.825
60.838
60.85
60.863
60.875
60.888
60.9
60.913
60.925
60.938
60.95
60.963
60.975
60.988
61.0
61.013
61.025
61.038
61.05
61.062
61.075
61.088
61.1
61.113
61.125
61.138
61.15
61.163
61.175
61.188
61.2
61.213
61.225
61.238
61.25
61.263
61.275
61.288
61.3
61.312
61.325
61.338
61.35
61.363
61.375
61.388
61.4
61.413
61.425
61.438
61.45
61.463
61.475
61.488
61.5
61.513
61.525
61.538
61.55
61.562
61.575
61.588
61.6
61.613
61.625
61.638
61.65
61.663
61.675
61.688
61.7
61.713
61.725
61.738
61.75
61.763
61.775
61.788
61.8
61.812
61.825
61.838
61.85
61.863
61.875
61.888
61.9
61.913
61.925
61.938
61.95
61.963
61.975
61.988
62.0
62.013
62.025
62.038
62.05
62.062
62.075
62.088
62.1
62.113
62.125
62.138
62.15
62.163
62.175
62.188
62.2
62.213
62.225
62.238
62.25
62.263
62.275
62.288
62.3
62.312
62.325
62.338
62.35
62.363
62.375
62.388
62.4
62.413
62.425
62.438
62.45
62.463
62.475
62.488
62.5
62.513
62.525
62.538
62.55
62.562
62.575
62.588
62.6
62.613
62.625
62.638
62.65
62.663
62.675
62.688
62.7
62.713
62.725
62.738
62.75
62.763
62.775
62.788
62.8
62.812
62.825
62.838
62.85
62.863
62.875
62.888
62.9
62.913
62.925
62.938
62.95
62.963
62.975
62.988
63.0
63.013
63.025
63.038
63.05
63.062
63.075
63.088
63.1
63.113
63.125
63.138
63.15
63.163
63.175
63.188
63.2
63.213
63.225
63.238
63.25
63.263
63.275
63.288
63.3
63.312
63.325
63.338
63.35
63.363
63.375
63.388
63.4
63.413
63.425
63.438
63.45
63.463
63.475
63.488
63.5
63.513
63.525
63.538
63.55
63.562
63.575
63.588
63.6
63.613
63.625
63.638
63.65
63.663
63.675
63.688
63.7
63.713
63.725
63.738
63.75
63.763
63.775
63.788
63.8
63.812
63.825
63.838
63.85
63.863
63.875
63.888
63.9
63.913
63.925
63.938
63.95
63.963
63.975
63.988
64.0
64.013
64.025
64.038
64.05
64.062
64.075
64.088
64.1
64.112
64.125
64.138
64.15
64.163
64.175
64.188
64.2
64.213
64.225
64.237
64.25
64.263
64.275
64.288
64.3
64.312
64.325
64.338
64.35
64.362
64.375
64.388
64.4
64.413
64.425
64.438
64.45
64.463
64.475
64.487
64.5
64.513
64.525
64.538
64.55
64.562
64.575
64.588
64.6
64.612
64.625
64.638
64.65
64.663
64.675
64.688
64.7
64.713
64.725
64.737
64.75
64.763
64.775
64.788
64.8
64.812
64.825
64.838
64.85
64.862
64.875
64.888
64.9
64.913
64.925
64.938
64.95
64.963
64.975
64.987
65.0
65.013
65.025
65.038
65.05
65.062
65.075
65.088
65.1
65.112
65.125
65.138
65.15
65.163
65.175
65.188
65.2
65.213
65.225
65.237
65.25
65.263
65.275
65.288
65.3
65.312
65.325
65.338
65.35
65.362
65.375
65.388
65.4
65.413
65.425
65.438
65.45
65.463
65.475
65.487
65.5
65.513
65.525
65.538
65.55
65.562
65.575
65.588
65.6
65.612
65.625
65.638
65.65
65.663
65.675
65.688
65.7
65.713
65.725
65.737
65.75
65.763
65.775
65.788
65.8
65.812
65.825
65.838
65.85
65.862
65.875
65.888
65.9
65.913
65.925
65.938
65.95
65.963
65.975
65.987
66.0
66.013
66.025
66.038
66.05
66.062
66.075
66.088
66.1
66.112
66.125
66.138
66.15
66.163
66.175
66.188
66.2
66.213
66.225
66.237
66.25
66.263
66.275
66.288
66.3
66.312
66.325
66.338
66.35
66.362
66.375
66.388
66.4
66.413
66.425
66.438
66.45
66.463
66.475
66.487
66.5
66.513
66.525
66.538
66.55
66.562
66.575
66.588
66.6
66.612
66.625
66.638
66.65
66.663
66.675
66.688
66.7
66.713
66.725
66.737
66.75
66.763
66.775
66.788
66.8
66.812
66.825
66.838
66.85
66.862
66.875
66.888
66.9
66.913
66.925
66.938
66.95
66.963
66.975
66.987
67.0
67.013
67.025
67.038
67.05
67.062
67.075
67.088
67.1
67.112
67.125
67.138
67.15
67.163
67.175
67.188
67.2
67.213
67.225
67.237
67.25
67.263
67.275
67.288
67.3
67.312
67.325
67.338
67.35
67.362
67.375
67.388
67.4
67.413
67.425
67.438
67.45
67.463
67.475
67.487
67.5
67.513
67.525
67.538
67.55
67.562
67.575
67.588
67.6
67.612
67.625
67.638
67.65
67.663
67.675
67.688
67.7
67.713
67.725
67.737
67.75
67.763
67.775
67.788
67.8
67.812
67.825
67.838
67.85
67.862
67.875
67.888
67.9
67.913
67.925
67.938
67.95
67.963
67.975
67.987
68.0
68.013
68.025
68.038
68.05
68.062
68.075
68.088
68.1
68.112
68.125
68.138
68.15
68.163
68.175
68.188
68.2
68.213
68.225
68.237
68.25
68.263
68.275
68.288
68.3
68.312
68.325
68.338
68.35
68.362
68.375
68.388
68.4
68.413
68.425
68.438
68.45
68.463
68.475
68.487
68.5
68.513
68.525
68.538
68.55
68.562
68.575
68.588
68.6
68.612
68.625
68.638
68.65
68.663
68.675
68.688
68.7
68.713
68.725
68.737
68.75
68.763
68.775
68.788
68.8
68.812
68.825
68.838
68.85
68.862
68.875
68.888
68.9
68.913
68.925
68.938
68.95
68.963
68.975
68.987
69.0
69.013
69.025
69.038
69.05
69.062
69.075
69.088
69.1
69.112
69.125
69.138
69.15
69.163
69.175
69.188
69.2
69.213
69.225
69.237
69.25
69.263
69.275
69.288
69.3
69.312
69.325
69.338
69.35
69.362
69.375
69.388
69.4
69.413
69.425
69.438
69.45
69.463
69.475
69.487
69.5
69.513
69.525
69.538
69.55
69.562
69.575
69.588
69.6
69.612
69.625
69.638
69.65
69.663
69.675
69.688
69.7
69.713
69.725
69.737
69.75
69.763
69.775
69.788
69.8
69.812
69.825
69.838
69.85
69.862
69.875
69.888
69.9
69.913
69.925
69.938
69.95
69.963
69.975
69.987
70.0
70.013
70.025
70.038
70.05
70.062
70.075
70.088
70.1
70.112
70.125
70.138
70.15
70.163
70.175
70.188
70.2
70.213
70.225
70.237
70.25
70.263
70.275
70.288
70.3
70.312
70.325
70.338
70.35
70.362
70.375
70.388
70.4
70.413
70.425
70.438
70.45
70.463
70.475
70.487
70.5
70.513
70.525
70.538
70.55
70.562
70.575
70.588
70.6
70.612
70.625
70.638
70.65
70.663
70.675
70.688
70.7
70.713
70.725
70.737
70.75
70.763
70.775
70.788
70.8
70.812
70.825
70.838
70.85
70.862
70.875
70.888
70.9
70.913
70.925
70.938
70.95
70.963
70.975
70.987
71.0
71.013
71.025
71.038
71.05
71.062
71.075
71.088
71.1
71.112
71.125
71.138
71.15
71.163
71.175
71.188
71.2
71.213
71.225
71.237
71.25
71.263
71.275
71.288
71.3
71.312
71.325
71.338
71.35
71.362
71.375
71.388
71.4
71.413
71.425
71.438
71.45
71.463
71.475
71.487
71.5
71.513
71.525
71.538
71.55
71.562
71.575
71.588
71.6
71.612
71.625
71.638
71.65
71.663
71.675
71.688
71.7
71.713
71.725
71.737
71.75
71.763
71.775
71.788
71.8
71.812
71.825
71.838
71.85
71.862
71.875
71.888
71.9
71.913
71.925
71.938
71.95
71.963
71.975
71.987
72.0
72.013
72.025
72.038
72.05
72.062
72.075
72.088
72.1
72.112
72.125
72.138
72.15
72.163
72.175
72.188
72.2
72.213
72.225
72.237
72.25
72.263
72.275
72.288
72.3
72.312
72.325
72.338
72.35
72.362
72.375
72.388
72.4
72.413
72.425
72.438
72.45
72.463
72.475
72.487
72.5
72.513
72.525
72.538
72.55
72.562
72.575
72.588
72.6
72.612
72.625
72.638
72.65
72.663
72.675
72.688
72.7
72.713
72.725
72.737
72.75
72.763
72.775
72.788
72.8
72.812
72.825
72.838
72.85
72.862
72.875
72.888
72.9
72.913
72.925
72.938
72.95
72.963
72.975
72.987
73.0
73.013
73.025
73.038
73.05
73.062
73.075
73.088
73.1
73.112
73.125
73.138
73.15
73.163
73.175
73.188
73.2
73.213
73.225
73.237
73.25
73.263
73.275
73.288
73.3
73.312
73.325
73.338
73.35
73.362
73.375
73.388
73.4
73.413
73.425
73.438
73.45
73.463
73.475
73.487
73.5
73.513
73.525
73.538
73.55
73.562
73.575
73.588
73.6
73.612
73.625
73.638
73.65
73.663
73.675
73.688
73.7
73.713
73.725
73.737
73.75
73.763
73.775
73.788
73.8
73.812
73.825
73.838
73.85
73.862
73.875
73.888
73.9
73.913
73.925
73.938
73.95
73.963
73.975
73.987
74.0
74.013
74.025
74.038
74.05
74.062
74.075
74.088
74.1
74.112
74.125
74.138
74.15
74.163
74.175
74.188
74.2
74.213
74.225
74.237
74.25
74.263
74.275
74.288
74.3
74.312
74.325
74.338
74.35
74.362
74.375
74.388
74.4
74.413
74.425
74.438
74.45
74.463
74.475
74.487
74.5
74.513
74.525
74.538
74.55
74.562
74.575
74.588
74.6
74.612
74.625
74.638
74.65
74.663
74.675
74.688
74.7
74.713
74.725
74.737
74.75
74.763
74.775
74.788
74.8
74.812
74.825
74.838
74.85
74.862
74.875
74.888
74.9
74.913
74.925
74.938
74.95
74.963
74.975
74.987
75.0
75.013
75.025
75.038
75.05
75.062
75.075
75.088
75.1
75.112
75.125
75.138
75.15
75.163
75.175
75.188
75.2
75.213
75.225
75.237
75.25
75.263
75.275
75.288
75.3
75.312
75.325
75.338
75.35
75.362
75.375
75.388
75.4
75.413
75.425
75.438
75.45
75.463
75.475
75.487
75.5
75.513
75.525
75.538
75.55
75.562
75.575
75.588
75.6
75.612
75.625
75.638
75.65
75.663
75.675
75.688
75.7
75.713
75.725
75.737
75.75
75.763
75.775
75.788
75.8
75.812
75.825
75.838
75.85
75.862
75.875
75.888
75.9
75.913
75.925
75.938
75.95
75.963
75.975
75.987
76.0
76.013
76.025
76.038
76.05
76.062
76.075
76.088
76.1
76.112
76.125
76.138
76.15
76.163
76.175
76.188
76.2
76.213
76.225
76.237
76.25
76.263
76.275
76.288
76.3
76.312
76.325
76.338
76.35
76.362
76.375
76.388
76.4
76.413
76.425
76.438
76.45
76.463
76.475
76.487
76.5
76.513
76.525
76.538
76.55
76.562
76.575
76.588
76.6
76.612
76.625
76.638
76.65
76.663
76.675
76.688
76.7
76.713
76.725
76.737
76.75
76.763
76.775
76.788
76.8
76.812
76.825
76.838
76.85
76.863
76.875
76.888
76.9
76.913
76.925
76.938
76.95
76.963
76.975
76.988
77.0
77.013
77.025
77.038
77.05
77.062
77.075
77.088
77.1
77.113
77.125
77.138
77.15
77.163
77.175
77.188
77.2
77.213
77.225
77.238
77.25
77.263
77.275
77.288
77.3
77.312
77.325
77.338
77.35
77.363
77.375
77.388
77.4
77.413
77.425
77.438
77.45
77.463
77.475
77.488
77.5
77.513
77.525
77.538
77.55
77.562
77.575
77.588
77.6
77.613
77.625
77.638
77.65
77.663
77.675
77.688
77.7
77.713
77.725
77.738
77.75
77.763
77.775
77.788
77.8
77.812
77.825
77.838
77.85
77.863
77.875
77.888
77.9
77.913
77.925
77.938
77.95
77.963
77.975
77.988
78.0
78.013
78.025
78.038
78.05
78.062
78.075
78.088
78.1
78.113
78.125
78.138
78.15
78.163
78.175
78.188
78.2
78.213
78.225
78.238
78.25
78.263
78.275
78.288
78.3
78.312
78.325
78.338
78.35
78.363
78.375
78.388
78.4
78.413
78.425
78.438
78.45
78.463
78.475
78.488
78.5
78.513
78.525
78.538
78.55
78.562
78.575
78.588
78.6
78.613
78.625
78.638
78.65
78.663
78.675
78.688
78.7
78.713
78.725
78.738
78.75
78.763
78.775
78.788
78.8
78.812
78.825
78.838
78.85
78.863
78.875
78.888
78.9
78.913
78.925
78.938
78.95
78.963
78.975
78.988
79.0
79.013
79.025
79.038
79.05
79.062
79.075
79.088
79.1
79.113
79.125
79.138
79.15
79.163
79.175
79.188
79.2
79.213
79.225
79.238
79.25
79.263
79.275
79.288
79.3
79.312
79.325
79.338
79.35
79.363
79.375
79.388
79.4
79.413
79.425
79.438
79.45
79.463
79.475
79.488
79.5
79.513
79.525
79.538
79.55
79.562
79.575
79.588
79.6
79.613
79.625
79.638
79.65
79.663
79.675
79.688
79.7
79.713
79.725
79.738
79.75
79.763
79.775
79.788
79.8
79.812
79.825
79.838
79.85
79.863
79.875
79.888
79.9
79.913
79.925
79.938
79.95
79.963
79.975
79.988
80.0
80.013
80.025
80.038
80.05
80.062
80.075
80.088
80.1
80.113
80.125
80.138
80.15
80.163
80.175
80.188
80.2
80.213
80.225
80.238
80.25
80.263
80.275
80.288
80.3
80.312
80.325
80.338
80.35
80.363
80.375
80.388
80.4
80.413
80.425
80.438
80.45
80.463
80.475
80.488
80.5
80.513
80.525
80.538
80.55
80.562
80.575
80.588
80.6
80.613
80.625
80.638
80.65
80.663
80.675
80.688
80.7
80.713
80.725
80.738
80.75
80.763
80.775
80.788
80.8
80.812
80.825
80.838
80.85
80.863
80.875
80.888
80.9
80.913
80.925
80.938
80.95
80.963
80.975
80.988
81.0
81.013
81.025
81.038
81.05
81.062
81.075
81.088
81.1
81.113
81.125
81.138
81.15
81.163
81.175
81.188
81.2
81.213
81.225
81.238
81.25
81.263
81.275
81.288
81.3
81.312
81.325
81.338
81.35
81.363
81.375
81.388
81.4
81.413
81.425
81.438
81.45
81.463
81.475
81.488
81.5
81.513
81.525
81.538
81.55
81.562
81.575
81.588
81.6
81.613
81.625
81.638
81.65
81.663
81.675
81.688
81.7
81.713
81.725
81.738
81.75
81.763
81.775
81.788
81.8
81.812
81.825
81.838
81.85
81.863
81.875
81.888
81.9
81.913
81.925
81.938
81.95
81.963
81.975
81.988
82.0
82.013
82.025
82.038
82.05
82.062
82.075
82.088
82.1
82.113
82.125
82.138
82.15
82.163
82.175
82.188
82.2
82.213
82.225
82.238
82.25
82.263
82.275
82.288
82.3
82.312
82.325
82.338
82.35
82.363
82.375
82.388
82.4
82.413
82.425
82.438
82.45
82.463
82.475
82.488
82.5
82.513
82.525
82.538
82.55
82.562
82.575
82.588
82.6
82.613
82.625
82.638
82.65
82.663
82.675
82.688
82.7
82.713
82.725
82.738
82.75
82.763
82.775
82.788
82.8
82.812
82.825
82.838
82.85
82.863
82.875
82.888
82.9
82.913
82.925
82.938
82.95
82.963
82.975
82.988
83.0
83.013
83.025
83.038
83.05
83.062
83.075
83.088
83.1
83.113
83.125
83.138
83.15
83.163
83.175
83.188
83.2
83.213
83.225
83.238
83.25
83.263
83.275
83.288
83.3
83.312
83.325
83.338
83.35
83.363
83.375
83.388
83.4
83.413
83.425
83.438
83.45
83.463
83.475
83.488
83.5
83.513
83.525
83.538
83.55
83.562
83.575
83.588
83.6
83.613
83.625
83.638
83.65
83.663
83.675
83.688
83.7
83.713
83.725
83.738
83.75
83.763
83.775
83.788
83.8
83.812
83.825
83.838
83.85
83.863
83.875
83.888
83.9
83.913
83.925
83.938
83.95
83.963
83.975
83.988
84.0
84.013
84.025
84.038
84.05
84.062
84.075
84.088
84.1
84.113
84.125
84.138
84.15
84.163
84.175
84.188
84.2
84.213
84.225
84.238
84.25
84.263
84.275
84.288
84.3
84.312
84.325
84.338
84.35
84.363
84.375
84.388
84.4
84.413
84.425
84.438
84.45
84.463
84.475
84.488
84.5
84.513
84.525
84.538
84.55
84.562
84.575
84.588
84.6
84.613
84.625
84.638
84.65
84.663
84.675
84.688
84.7
84.713
84.725
84.738
84.75
84.763
84.775
84.788
84.8
84.812
84.825
84.838
84.85
84.863
84.875
84.888
84.9
84.913
84.925
84.938
84.95
84.963
84.975
84.988
85.0
85.013
85.025
85.038
85.05
85.062
85.075
85.088
85.1
85.113
85.125
85.138
85.15
85.163
85.175
85.188
85.2
85.213
85.225
85.238
85.25
85.263
85.275
85.288
85.3
85.312
85.325
85.338
85.35
85.363
85.375
85.388
85.4
85.413
85.425
85.438
85.45
85.463
85.475
85.488
85.5
85.513
85.525
85.538
85.55
85.562
85.575
85.588
85.6
85.613
85.625
85.638
85.65
85.663
85.675
85.688
85.7
85.713
85.725
85.738
85.75
85.763
85.775
85.788
85.8
85.812
85.825
85.838
85.85
85.863
85.875
85.888
85.9
85.913
85.925
85.938
85.95
85.963
85.975
85.988
86.0
86.013
86.025
86.038
86.05
86.062
86.075
86.088
86.1
86.113
86.125
86.138
86.15
86.163
86.175
86.188
86.2
86.213
86.225
86.238
86.25
86.263
86.275
86.288
86.3
86.312
86.325
86.338
86.35
86.363
86.375
86.388
86.4
86.413
86.425
86.438
86.45
86.463
86.475
86.488
86.5
86.513
86.525
86.538
86.55
86.562
86.575
86.588
86.6
86.613
86.625
86.638
86.65
86.663
86.675
86.688
86.7
86.713
86.725
86.738
86.75
86.763
86.775
86.788
86.8
86.812
86.825
86.838
86.85
86.863
86.875
86.888
86.9
86.913
86.925
86.938
86.95
86.963
86.975
86.988
87.0
87.013
87.025
87.038
87.05
87.062
87.075
87.088
87.1
87.113
87.125
87.138
87.15
87.163
87.175
87.188
87.2
87.213
87.225
87.238
87.25
87.263
87.275
87.288
87.3
87.312
87.325
87.338
87.35
87.363
87.375
87.388
87.4
87.413
87.425
87.438
87.45
87.463
87.475
87.488
87.5
87.513
87.525
87.538
87.55
87.562
87.575
87.588
87.6
87.613
87.625
87.638
87.65
87.663
87.675
87.688
87.7
87.713
87.725
87.738
87.75
87.763
87.775
87.788
87.8
87.812
87.825
87.838
87.85
87.863
87.875
87.888
87.9
87.913
87.925
87.938
87.95
87.963
87.975
87.988
88.0
88.013
88.025
88.038
88.05
88.062
88.075
88.088
88.1
88.113
88.125
88.138
88.15
88.163
88.175
88.188
88.2
88.213
88.225
88.238
88.25
88.263
88.275
88.288
88.3
88.312
88.325
88.338
88.35
88.363
88.375
88.388
88.4
88.413
88.425
88.438
88.45
88.463
88.475
88.488
88.5
88.513
88.525
88.538
88.55
88.562
88.575
88.588
88.6
88.613
88.625
88.638
88.65
88.663
88.675
88.688
88.7
88.713
88.725
88.738
88.75
88.763
88.775
88.788
88.8
88.812
88.825
88.838
88.85
88.863
88.875
88.888
88.9
88.913
88.925
88.938
88.95
88.963
88.975
88.988
89.0
89.013
89.025
89.038
89.05
89.062
89.075
89.088
89.1
89.113
89.125
89.138
89.15
89.163
89.175
89.188
89.2
89.213
89.225
89.238
89.25
89.263
89.275
89.288
89.3
89.312
89.325
89.338
89.35
89.363
89.375
89.388
89.4
89.413
89.425
89.438
89.45
89.463
89.475
89.488
89.5
89.513
89.525
89.538
89.55
89.562
89.575
89.588
89.6
89.613
89.625
89.638
89.65
89.663
89.675
89.688
89.7
89.713
89.725
89.738
89.75
89.763
89.775
89.788
89.8
89.812
89.825
89.838
89.85
89.863
89.875
89.888
89.9
89.913
89.925
89.938
89.95
89.963
89.975
89.988
90.0
90.013
90.025
90.038
90.05
90.062
90.075
90.088
90.1
90.113
90.125
90.138
90.15
90.163
90.175
90.188
90.2
90.213
90.225
90.238
90.25
90.263
90.275
90.288
90.3
90.312
90.325
90.338
90.35
90.363
90.375
90.388
90.4
90.413
90.425
90.438
90.45
90.463
90.475
90.488
90.5
90.513
90.525
90.538
90.55
90.562
90.575
90.588
90.6
90.613
90.625
90.638
90.65
90.663
90.675
90.688
90.7
90.713
90.725
90.738
90.75
90.763
90.775
90.788
90.8
90.812
90.825
90.838
90.85
90.863
90.875
90.888
90.9
90.913
90.925
90.938
90.95
90.963
90.975
90.988
91.0
91.013
91.025
91.038
91.05
91.062
91.075
91.088
91.1
91.113
91.125
91.138
91.15
91.163
91.175
91.188
91.2
91.213
91.225
91.238
91.25
91.263
91.275
91.288
91.3
91.312
91.325
91.338
91.35
91.363
91.375
91.388
91.4
91.413
91.425
91.438
91.45
91.463
91.475
91.488
91.5
91.513
91.525
91.538
91.55
91.562
91.575
91.588
91.6
91.613
91.625
91.638
91.65
91.663
91.675
91.688
91.7
91.713
91.725
91.738
91.75
91.763
91.775
91.788
91.8
91.812
91.825
91.838
91.85
91.863
91.875
91.888
91.9
91.913
91.925
91.938
91.95
91.963
91.975
91.988
92.0
92.013
92.025
92.038
92.05
92.062
92.075
92.088
92.1
92.113
92.125
92.138
92.15
92.163
92.175
92.188
92.2
92.213
92.225
92.238
92.25
92.263
92.275
92.288
92.3
92.312
92.325
92.338
92.35
92.363
92.375
92.388
92.4
92.413
92.425
92.438
92.45
92.463
92.475
92.488
92.5
92.513
92.525
92.538
92.55
92.562
92.575
92.588
92.6
92.613
92.625
92.638
92.65
92.663
92.675
92.688
92.7
92.713
92.725
92.738
92.75
92.763
92.775
92.788
92.8
92.812
92.825
92.838
92.85
92.863
92.875
92.888
92.9
92.913
92.925
92.938
92.95
92.963
92.975
92.988
93.0
93.013
93.025
93.038
93.05
93.062
93.075
93.088
93.1
93.113
93.125
93.138
93.15
93.163
93.175
93.188
93.2
93.213
93.225
93.238
93.25
93.263
93.275
93.288
93.3
93.312
93.325
93.338
93.35
93.363
93.375
93.388
93.4
93.413
93.425
93.438
93.45
93.463
93.475
93.488
93.5
93.513
93.525
93.538
93.55
93.562
93.575
93.588
93.6
93.613
93.625
93.638
93.65
93.663
93.675
93.688
93.7
93.713
93.725
93.738
93.75
93.763
93.775
93.788
93.8
93.812
93.825
93.838
93.85
93.863
93.875
93.888
93.9
93.913
93.925
93.938
93.95
93.963
93.975
93.988
94.0
94.013
94.025
94.038
94.05
94.062
94.075
94.088
94.1
94.113
94.125
94.138
94.15
94.163
94.175
94.188
94.2
94.213
94.225
94.238
94.25
94.263
94.275
94.288
94.3
94.312
94.325
94.338
94.35
94.363
94.375
94.388
94.4
94.413
94.425
94.438
94.45
94.463
94.475
94.488
94.5
94.513
94.525
94.538
94.55
94.562
94.575
94.588
94.6
94.613
94.625
94.638
94.65
94.663
94.675
94.688
94.7
94.713
94.725
94.738
94.75
94.763
94.775
94.788
94.8
94.812
94.825
94.838
94.85
94.863
94.875
94.888
94.9
94.913
94.925
94.938
94.95
94.963
94.975
94.988
95.0
95.013
95.025
95.038
95.05
95.062
95.075
95.088
95.1
95.113
95.125
95.138
95.15
95.163
95.175
95.188
95.2
95.213
95.225
95.238
95.25
95.263
95.275
95.288
95.3
95.312
95.325
95.338
95.35
95.363
95.375
95.388
95.4
95.413
95.425
95.438
95.45
95.463
95.475
95.488
95.5
95.513
95.525
95.538
95.55
95.562
95.575
95.588
95.6
95.613
95.625
95.638
95.65
95.663
95.675
95.688
95.7
95.713
95.725
95.738
95.75
95.763
95.775
95.788
95.8
95.812
95.825
95.838
95.85
95.863
95.875
95.888
95.9
95.913
95.925
95.938
95.95
95.963
95.975
95.988
96.0
96.013
96.025
96.038
96.05
96.062
96.075
96.088
96.1
96.113
96.125
96.138
96.15
96.163
96.175
96.188
96.2
96.213
96.225
96.238
96.25
96.263
96.275
96.288
96.3
96.312
96.325
96.338
96.35
96.363
96.375
96.388
96.4
96.413
96.425
96.438
96.45
96.463
96.475
96.488
96.5
96.513
96.525
96.538
96.55
96.562
96.575
96.588
96.6
96.613
96.625
96.638
96.65
96.663
96.675
96.688
96.7
96.713
96.725
96.738
96.75
96.763
96.775
96.788
96.8
96.812
96.825
96.838
96.85
96.863
96.875
96.888
96.9
96.913
96.925
96.938
96.95
96.963
96.975
96.988
97.0
97.013
97.025
97.038
97.05
97.062
97.075
97.088
97.1
97.113
97.125
97.138
97.15
97.163
97.175
97.188
97.2
97.213
97.225
97.238
97.25
97.263
97.275
97.288
97.3
97.312
97.325
97.338
97.35
97.363
97.375
97.388
97.4
97.413
97.425
97.438
97.45
97.463
97.475
97.488
97.5
97.513
97.525
97.538
97.55
97.562
97.575
97.588
97.6
97.613
97.625
97.638
97.65
97.663
97.675
97.688
97.7
97.713
97.725
97.738
97.75
97.763
97.775
97.788
97.8
97.812
97.825
97.838
97.85
97.863
97.875
97.888
97.9
97.913
97.925
97.938
97.95
97.963
97.975
97.988
98.0
98.013
98.025
98.038
98.05
98.062
98.075
98.088
98.1
98.113
98.125
98.138
98.15
98.163
98.175
98.188
98.2
98.213
98.225
98.238
98.25
98.263
98.275
98.288
98.3
98.312
98.325
98.338
98.35
98.363
98.375
98.388
98.4
98.413
98.425
98.438
98.45
98.463
98.475
98.488
98.5
98.513
98.525
98.538
98.55
98.562
98.575
98.588
98.6
98.613
98.625
98.638
98.65
98.663
98.675
98.688
98.7
98.713
98.725
98.738
98.75
98.763
98.775
98.788
98.8
98.812
98.825
98.838
98.85
98.863
98.875
98.888
98.9
98.913
98.925
98.938
98.95
98.963
98.975
98.988
99.0
99.013
99.025
99.038
99.05
99.062
99.075
99.088
99.1
99.113
99.125
99.138
99.15
99.163
99.175
99.188
99.2
99.213
99.225
99.238
99.25
99.263
99.275
99.288
99.3
99.312
99.325
99.338
99.35
99.363
99.375
99.388
99.4
99.413
99.425
99.438
99.45
99.463
99.475
99.488
99.5
99.513
99.525
99.538
99.55
99.562
99.575
99.588
99.6
99.613
99.625
99.638
99.65
99.663
99.675
99.688
99.7
99.713
99.725
99.738
99.75
99.763
99.775
99.788
99.8
99.812
99.825
99.838
99.85
99.863
99.875
99.888
99.9
99.913
99.925
99.938
99.95
99.963
99.975
99.988
100.0
100.013
