7.29234913927e-07
9.23418823746e-07
1.1632620203e-06
1.45782008754e-06
1.81751442771e-06
2.25423588807e-06
2.78143174992e-06
3.41416897599e-06
4.16916584437e-06
5.06478350791e-06
6.1209686785e-06
7.35913862178e-06
8.80200003219e-06
1.04732942088e-05
1.2397462322e-05
1.45992264896e-05
1.71030848755e-05
1.99327220754e-05
2.3110339605e-05
2.66559152661e-05
3.05864044215e-05
3.49149005726e-05
3.96497769323e-05
4.47938346677e-05
5.03434869325e-05
5.62880104486e-05
6.26088980049e-05
6.92793455918e-05
7.62639068138e-05
8.35183445945e-05
9.09897059663e-05
9.8616639946e-05
0.000106329971259
0.000114053534205
0.000121705261544
0.000129198513302
0.000136443620289
0.000143349607338
0.000149826052381
0.000155785029809
0.000161143080741
0.00016582314909
0.000169756420959
0.000172884006178
0.000175158404616
0.000176544706269
0.000177021482755
0.000176581338404
0.000175231101127
0.000172991646186
0.00016989735922
0.000165995257831
0.000161343803094
0.00015601144296
0.000150074938271
0.00014361752851
0.000136726998411
0.000129493707866
0.000122008646347
0.000114361569438
0.000106639269251
9.89240229874e-05
9.12922549956e-05
8.38134379267e-05
7.65492485054e-05
6.95529834206e-05
6.28692314083e-05
5.65337890781e-05
5.0573800745e-05
4.50080966788e-05
3.98476998921e-05
3.50964689012e-05
3.0751842754e-05
2.68056549205e-05
2.32449841977e-05
2.00530133881e-05
1.72098699263e-05
1.46934265959e-05
1.24800447657e-05
1.05452469428e-05
8.86430970123e-06
7.41277201764e-06
6.16685761927e-06
5.10381301754e-06
4.20216542061e-06
3.44190666829e-06
2.80461072456e-06
2.27349313294e-06
1.83342124201e-06
1.47088400891e-06
1.17392986089e-06
9.32080514032e-07
7.36227886451e-07
5.78520367877e-07
4.52243777091e-07
3.5170140337e-07
2.7209662723e-07
2.09420779339e-07
1.60348144961e-07
1.22139366821e-07
