2342.0
3516.0
3473.0
3627.0
3280.0
3504.0
3426.0
3904.0
3556.0
3948.0
3857.0
4301.0
4079.0
4278.0
4110.0
4164.0
4162.0
4722.0
4645.0
4662.0
4645.0
4860.0
4859.0
4877.0
4823.0
5137.0
4502.0
4507.0
4486.0
4674.0
4482.0
5765.0
4220.0
4472.0
4468.0
4928.0
4477.0
4480.0
3601.0
3614.0
3613.0
3679.0
3670.0
3675.0
3602.0
3608.0
3593.0
3618.0
3598.0
3614.0
1890.0
4082.0
2676.0
2758.0
2742.0
2761.0
2754.0
4039.0
4028.0
4034.0
4033.0
5847.0
4771.0
5116.0
5093.0
7474.0
7445.0
7457.0
6505.0
6518.0
6514.0
6522.0
6520.0
6521.0
6505.0
6506.0
6489.0
7553.0
7544.0
7741.0
6965.0
7008.0
5846.0
6049.0
5954.0
6093.0
5753.0
5765.0
5682.0
5683.0
5670.0
8006.0
4921.0
4934.0
4911.0
4932.0
4908.0
4912.0
4244.0
4251.0
3358.0
3364.0
3338.0
3716.0
3684.0
4240.0
4237.0
4278.0
3763.0
5477.0
3583.0
6283.0
4817.0
4848.0
4755.0
5688.0
5681.0
5736.0
5723.0
5763.0
5646.0
5695.0
5640.0
5642.0
5608.0
5629.0
5617.0
5628.0
5010.0
5111.0
4715.0
5372.0
5301.0
5311.0
3983.0
4294.0
3885.0
4922.0
4903.0
4904.0
2856.0
4370.0
3842.0
4159.0
3774.0
3902.0
3895.0
3897.0
3531.0
3711.0
3559.0
3606.0
3586.0
3598.0
2414.0
3156.0
2355.0
5390.0
5227.0
5386.0
5253.0
5607.0
5561.0
5608.0
5600.0
5603.0
5578.0
5588.0
5490.0
5493.0
5470.0
5471.0
5408.0
6801.0
6678.0
6843.0
6192.0
7422.0
7315.0
7515.0
6384.0
6444.0
6443.0
6473.0
6242.0
6271.0
4681.0
4688.0
4683.0
5884.0
2907.0
2909.0
860.1
1815.0
1808.0
2098.0
1861.0
1871.0
1866.0
4495.0
4477.0
4491.0
3665.0
6844.0
5389.0
8724.0
8672.0
8818.0
7723.0
9072.0
8395.0
8856.0
8557.0
8565.0
8557.0
8661.0
6543.0
6547.0
6278.0
6295.0
6284.0
6393.0
6330.0
6334.0
6261.0
6279.0
6267.0
6356.0
5876.0
6579.0
6364.0
7178.0
5146.0
5150.0
5115.0
7045.0
7044.0
7046.0
7011.0
7163.0
7152.0
7168.0
7061.0
7413.0
4728.0
4731.0
4717.0
5060.0
4842.0
8019.0
5737.0
5740.0
5728.0
5731.0
5375.0
7781.0
4630.0
8022.0
4640.0
6182.0
3297.0
3377.0
3366.0
3393.0
3386.0
6111.0
6106.0
6158.0
6156.0
6176.0
5413.0
5497.0
5477.0
5722.0
5515.0
6020.0
5619.0
5621.0
5607.0
5609.0
5293.0
5321.0
5223.0
6784.0
6671.0
7177.0
6900.0
8782.0
6620.0
6621.0
6365.0
6489.0
5410.0
6361.0
6097.0
6348.0
5940.0
6682.0
6675.0
9520.0
5128.0
5487.0
3705.0
3728.0
3705.0
4970.0
4954.0
4965.0
4948.0
5446.0
5433.0
5434.0
5323.0
5330.0
3907.0
4172.0
3734.0
4123.0
4063.0
4903.0
4521.0
4540.0
4536.0
4541.0
4330.0
5740.0
5720.0
6364.0
5372.0
5749.0
5742.0
6455.0
6149.0
6160.0
6124.0
8493.0
8108.0
8389.0
7272.0
7276.0
7269.0
7273.0
7238.0
9636.0
9356.0
9362.0
9064.0
9154.0
8972.0
9793.0
9597.0
9608.0
9600.0
9900.0
7809.0
8477.0
8092.0
8107.0
5896.0
6030.0
6021.0
6337.0
3501.0
4475.0
4452.0
4471.0
4315.0
5653.0
4120.0
4191.0
3766.0
7244.0
6930.0
8969.0
4333.0
10140.0
7887.0
8349.0
8211.0
8501.0
8241.0
10970.0
7201.0
8290.0
8277.0
8289.0
7995.0
9718.0
8779.0
8967.0
8315.0
8409.0
5864.0
6077.0
5958.0
9112.0
4481.0
7468.0
5104.0
5108.0
5059.0
9353.0
7691.0
9507.0
8967.0
9370.0
8894.0
9977.0
7460.0
7492.0
7487.0
7545.0
7542.0
11250.0
6982.0
8427.0
8409.0
9304.0
6418.0
6420.0
6374.0
7687.0
4896.0
4912.0
4910.0
4922.0
4903.0
4906.0
4899.0
6646.0
3607.0
3642.0
3557.0
6922.0
2799.0
8973.0
6204.0
6207.0
6195.0
7102.0
7090.0
7098.0
7087.0
8674.0
6915.0
6922.0
6719.0
6733.0
5903.0
5912.0
5905.0
5948.0
5940.0
5944.0
5455.0
5954.0
5841.0
5881.0
5875.0
5892.0
5888.0
5905.0
5285.0
6230.0
6086.0
7737.0
4210.0
4393.0
4388.0
4392.0
4201.0
4222.0
4220.0
4258.0
3535.0
3548.0
3496.0
5532.0
5302.0
6198.0
4713.0
4714.0
4068.0
4417.0
4299.0
4323.0
4284.0
4298.0
4273.0
7185.0
7179.0
7181.0
3538.0
3621.0
3585.0
3619.0
3612.0
6661.0
6640.0
9178.0
7941.0
8957.0
7907.0
9258.0
8378.0
8821.0
7319.0
7545.0
7004.0
7230.0
6922.0
8684.0
7667.0
7732.0
7728.0
7748.0
7568.0
7933.0
5976.0
7450.0
4893.0
4903.0
4897.0
4953.0
4944.0
4946.0
4872.0
5436.0
4192.0
6698.0
5080.0
8276.0
7379.0
7443.0
7104.0
12040.0
9030.0
9059.0
9033.0
9040.0
8652.0
10230.0
7138.0
10930.0
8103.0
8105.0
7218.0
8604.0
7894.0
8036.0
7291.0
7537.0
5021.0
5026.0
5017.0
5021.0
4993.0
5047.0
4932.0
5273.0
5272.0
5279.0
4332.0
6754.0
4849.0
7425.0
5007.0
5039.0
4953.0
4962.0
4941.0
8333.0
7191.0
9204.0
7328.0
9789.0
8202.0
8203.0
7481.0
8491.0
7468.0
7590.0
7579.0
7686.0
7662.0
7703.0
7502.0
9638.0
8868.0
10040.0
8069.0
8073.0
5648.0
6687.0
6049.0
6405.0
4948.0
7024.0
6661.0
6998.0
5297.0
5740.0
5708.0
5727.0
5262.0
7277.0
7266.0
7671.0
7580.0
7728.0
7649.0
10620.0
8914.0
9123.0
9120.0
9142.0
8825.0
8845.0
8825.0
13190.0
9201.0
9314.0
9249.0
9377.0
8350.0
9619.0
4828.0
5098.0
4870.0
4874.0
4853.0
5142.0
4757.0
4768.0
4742.0
4748.0
4376.0
4473.0
1385.0
1398.0
1209.0
3346.0
3210.0
3222.0
3218.0
5137.0
5130.0
5141.0
4848.0
4868.0
4866.0
4878.0
4875.0
7187.0
7034.0
7184.0
7181.0
7212.0
7205.0
7883.0
6046.0
6177.0
5750.0
5814.0
5489.0
5602.0
4360.0
7213.0
2143.0
3897.0
1332.0
3473.0
3446.0
3469.0
3445.0
3453.0
2860.0
4276.0
4270.0
4285.0
4261.0
4545.0
4221.0
4225.0
4218.0
4460.0
4307.0
6346.0
6329.0
6334.0
6312.0
6629.0
6225.0
6588.0
6583.0
6599.0
6575.0
6994.0
6968.0
6977.0
6952.0
6953.0
6918.0
7126.0
6958.0
6972.0
5018.0
5044.0
5037.0
5103.0
5102.0
5107.0
5069.0
5950.0
5908.0
5949.0
2289.0
2945.0
1724.0
1759.0
1746.0
1801.0
1770.0
2098.0
2026.0
2191.0
1869.0
1874.0
1850.0
1864.0
1553.0
1851.0
1832.0
1851.0
1840.0
6177.0
5275.0
8406.0
8345.0
8783.0
8291.0
10310.0
10000.0
10370.0
9172.0
9913.0
9723.0
9724.0
9707.0
9736.0
9489.0
10340.0
7668.0
7724.0
7720.0
8413.0
6857.0
8927.0
6681.0
8136.0
7100.0
7248.0
5926.0
5975.0
5960.0
6826.0
6222.0
8070.0
7990.0
8296.0
7138.0
7245.0
6055.0
6331.0
6266.0
6276.0
6248.0
9217.0
5672.0
5682.0
5667.0
5686.0
5685.0
6922.0
6894.0
6952.0
6934.0
6946.0
6930.0
8059.0
7071.0
7564.0
7372.0
8260.0
7913.0
8835.0
5365.0
6444.0
6357.0
6378.0
5681.0
7161.0
4288.0
5447.0
5440.0
5456.0
5432.0
6033.0
4515.0
4693.0
4212.0
4223.0
4212.0
5304.0
5180.0
5185.0
5147.0
5297.0
4930.0
9231.0
7863.0
7885.0
7868.0
8565.0
7732.0
9902.0
8738.0
8814.0
8395.0
11230.0
10780.0
11010.0
9647.0
9656.0
8672.0
8681.0
8154.0
8353.0
7944.0
7945.0
6690.0
6695.0
6690.0
6711.0
6263.0
6368.0
6344.0
6360.0
6349.0
6379.0
6363.0
6791.0
6345.0
6410.0
6404.0
6430.0
5866.0
6799.0
6184.0
6851.0
5549.0
5767.0
5232.0
7865.0
6138.0
6500.0
6449.0
6655.0
6630.0
7501.0
7439.0
10080.0
9960.0
9974.0
6459.0
9004.0
4901.0
6677.0
5808.0
7607.0
7360.0
8083.0
5250.0
7150.0
7148.0
7160.0
6739.0
6759.0
6396.0
6916.0
6682.0
7052.0
4240.0
7430.0
7368.0
7564.0
7552.0
7555.0
7552.0
10800.0
7632.0
9416.0
9414.0
9429.0
6989.0
11410.0
6780.0
6786.0
6781.0
8757.0
8203.0
8318.0
5989.0
6614.0
5244.0
5962.0
5914.0
6487.0
6408.0
6452.0
4454.0
5865.0
5857.0
5970.0
4828.0
5060.0
5015.0
6614.0
6133.0
6173.0
6163.0
9740.0
7170.0
8797.0
8760.0
11760.0
7189.0
7713.0
7048.0
7483.0
7434.0
7616.0
6096.0
6133.0
6127.0
8460.0
8375.0
9589.0
6302.0
6567.0
5973.0
7245.0
6818.0
7180.0
6420.0
6683.0
5226.0
8851.0
7454.0
7461.0
7459.0
9646.0
7006.0
7448.0
7384.0
12600.0
8545.0
9839.0
9785.0
10670.0
8958.0
10790.0
10780.0
10810.0
10790.0
10800.0
10340.0
10350.0
10340.0
10360.0
7619.0
7642.0
6915.0
7315.0
7314.0
7323.0
7258.0
8238.0
4275.0
4452.0
3034.0
4296.0
4290.0
4309.0
4304.0
4424.0
3655.0
6847.0
4733.0
7393.0
4951.0
5263.0
5253.0
5876.0
5874.0
5904.0
5898.0
5910.0
5894.0
5906.0
2490.0
3139.0
2538.0
2651.0
2646.0
2664.0
1483.0
2103.0
1587.0
1592.0
1579.0
1635.0
1631.0
1651.0
1640.0
1653.0
1600.0
3027.0
2995.0
3015.0
3000.0
7917.0
6817.0
9988.0
8855.0
8857.0
8768.0
11420.0
7795.0
10460.0
4333.0
4342.0
1993.0
2100.0
2082.0
2088.0
1599.0
1608.0
1604.0
2567.0
2566.0
2571.0
-433.8
503.9
466.8
467.2
441.1
507.0
490.9
491.2
484.7
3049.0
3044.0
3049.0
2816.0
4858.0
4847.0
4854.0
4845.0
6790.0
6752.0
6772.0
5331.0
7787.0
2664.0
3500.0
-691.4
-400.3
-403.2
-401.9
-421.6
11.38
-1127.0
-1122.0
-1125.0
-115.1
-137.2
891.2
850.5
865.3
849.2
874.3
542.3
600.7
589.1
604.2
599.3
3488.0
2633.0
2635.0
2631.0
6089.0
6085.0
6089.0
3809.0
3828.0
3595.0
3755.0
3665.0
3928.0
3546.0
3576.0
2814.0
2853.0
2341.0
2360.0
2349.0
2367.0
1933.0
1950.0
1810.0
1811.0
1777.0
2027.0
481.9
484.7
221.0
222.9
205.7
1467.0
559.9
2270.0
2267.0
2275.0
1856.0
1895.0
1643.0
2253.0
2244.0
4240.0
3899.0
4832.0
3885.0
3897.0
3891.0
6789.0
6345.0
6391.0
6373.0
6384.0
6247.0
7128.0
4883.0
4903.0
3147.0
3215.0
1726.0
1960.0
1807.0
2207.0
2161.0
2171.0
2150.0
3361.0
3235.0
3241.0
3221.0
3712.0
3508.0
3822.0
3503.0
4525.0
4519.0
4523.0
4499.0
6669.0
6463.0
6497.0
6467.0
8362.0
8357.0
8367.0
8329.0
8455.0
8287.0
8288.0
8262.0
8273.0
5614.0
5620.0
5615.0
5668.0
3516.0
3527.0
3525.0
3550.0
3175.0
3880.0
3876.0
3911.0
3908.0
3917.0
3853.0
3856.0
3010.0
4652.0
3822.0
5128.0
5101.0
5108.0
5012.0
11030.0
8358.0
8658.0
8534.0
8619.0
8482.0
8643.0
8540.0
8567.0
6812.0
6833.0
6825.0
6849.0
6327.0
6375.0
6344.0
6371.0
6245.0
8153.0
7347.0
7348.0
7338.0
7394.0
7393.0
7415.0
6872.0
7401.0
6817.0
7227.0
5491.0
6000.0
5201.0
5209.0
5196.0
5396.0
5382.0
5383.0
4740.0
5259.0
5214.0
5232.0
4989.0
8353.0
4559.0
8878.0
7723.0
8287.0
8249.0
8262.0
6799.0
7438.0
7028.0
7037.0
6971.0
7436.0
7120.0
7122.0
6857.0
9220.0
9067.0
10650.0
9650.0
9813.0
7843.0
8876.0
8862.0
10140.0
7827.0
8766.0
5385.0
6578.0
6478.0
7431.0
5242.0
5277.0
5216.0
5222.0
5176.0
5206.0
4799.0
5432.0
4923.0
4942.0
4211.0
6391.0
5273.0
5287.0
5229.0
6387.0
6384.0
6416.0
6411.0
6664.0
6468.0
6477.0
6474.0
8064.0
7974.0
7975.0
7963.0
8653.0
8091.0
8250.0
7999.0
8169.0
8077.0
8082.0
8073.0
8083.0
7690.0
7695.0
7688.0
9033.0
7395.0
7958.0
7930.0
9717.0
9692.0
9709.0
9691.0
9705.0
8304.0
11190.0
8205.0
8295.0
7602.0
8682.0
8293.0
8496.0
8121.0
8747.0
8723.0
8727.0
7494.0
7799.0
7612.0
7636.0
7631.0
7676.0
7657.0
7660.0
5320.0
8497.0
4727.0
6389.0
4496.0
6664.0
6659.0
6688.0
5929.0
5931.0
5929.0
6145.0
6140.0
6181.0
6177.0
6178.0
4076.0
6613.0
4155.0
4181.0
2409.0
2496.0
2106.0
3249.0
2172.0
4186.0
4175.0
4190.0
3795.0
4373.0
4369.0
4372.0
4360.0
4385.0
4264.0
5413.0
5072.0
6412.0
6323.0
6349.0
6331.0
6332.0
6244.0
7668.0
-284.4
-279.8
-290.3
-255.7
-562.5
-387.4
-409.4
-409.3
-440.8
-369.0
-398.0
-391.2
-448.1
-446.3
-496.7
-459.8
-554.0
-546.2
-573.9
-563.8
-585.7
-581.8
-714.3
-705.9
-724.9
-723.6
-989.6
1876.0
1831.0
1838.0
1793.0
1869.0
1855.0
1859.0
1628.0
3594.0
3586.0
3605.0
3602.0
6319.0
4840.0
4843.0
4517.0
4645.0
4633.0
4647.0
4607.0
5933.0
4624.0
4678.0
4669.0
4694.0
4684.0
5594.0
5570.0
5571.0
5534.0
5551.0
5536.0
5544.0
5542.0
5567.0
4518.0
4524.0
4516.0
7621.0
7389.0
7514.0
7173.0
10490.0
8515.0
11980.0
11090.0
11170.0
8091.0
8140.0
8120.0
11160.0
11000.0
11020.0
9252.0
9253.0
9240.0
10160.0
8469.0
8535.0
7015.0
7837.0
7035.0
7084.0
6689.0
8072.0
5326.0
5650.0
5079.0
5083.0
3287.0
3422.0
3347.0
3367.0
3357.0
3379.0
3367.0
3430.0
2444.0
2795.0
2769.0
2770.0
2713.0
2755.0
2739.0
5054.0
4334.0
6116.0
6111.0
6134.0
6090.0
6112.0
6110.0
6323.0
6268.0
7449.0
6272.0
10300.0
8319.0
8323.0
8307.0
8317.0
8309.0
8314.0
8284.0
8692.0
5453.0
5593.0
5432.0
5589.0
2795.0
6467.0
3173.0
3174.0
3167.0
6321.0
4256.0
7142.0
6762.0
6924.0
6913.0
6927.0
6917.0
7994.0
7717.0
8044.0
7961.0
7966.0
7843.0
7865.0
7859.0
8128.0
8085.0
8091.0
8085.0
8349.0
8101.0
8102.0
8096.0
8109.0
7221.0
8359.0
8352.0
8357.0
4671.0
4815.0
4505.0
4567.0
4560.0
4582.0
4563.0
4682.0
4680.0
4689.0
4673.0
4686.0
4685.0
6322.0
5849.0
6424.0
6325.0
6373.0
6359.0
6360.0
3473.0
3904.0
3704.0
4055.0
3200.0
3331.0
2949.0
5184.0
1913.0
6099.0
5033.0
5180.0
4509.0
5378.0
5369.0
5383.0
4026.0
7409.0
7233.0
7252.0
7239.0
10170.0
6401.0
6440.0
6428.0
6452.0
6447.0
6596.0
6559.0
6566.0
6370.0
7176.0
5552.0
5553.0
4791.0
5964.0
2825.0
2827.0
2407.0
3189.0
3183.0
3200.0
3192.0
4374.0
2971.0
3935.0
3736.0
3915.0
3767.0
5521.0
4700.0
4701.0
4695.0
4720.0
3037.0
3067.0
3062.0
3065.0
3055.0
7106.0
2244.0
3490.0
3339.0
3535.0
3165.0
4153.0
3513.0
5260.0
3687.0
3798.0
2785.0
3936.0
3527.0
3531.0
2345.0
2883.0
2669.0
2984.0
1952.0
2307.0
2042.0
2463.0
2445.0
2460.0
2449.0
2479.0
2128.0
2215.0
2157.0
2578.0
2340.0
2652.0
1509.0
1527.0
1513.0
1515.0
1473.0
3863.0
1521.0
3783.0
2358.0
5931.0
4518.0
4521.0
4129.0
4243.0
4241.0
4250.0
3945.0
3977.0
3970.0
3980.0
3275.0
3313.0
3308.0
3318.0
3300.0
3301.0
3231.0
3347.0
2750.0
3753.0
1975.0
3241.0
2592.0
2610.0
2608.0
2616.0
2027.0
2138.0
1530.0
1766.0
1509.0
2907.0
2476.0
2583.0
1284.0
1347.0
1342.0
1348.0
1346.0
3551.0
3538.0
3552.0
3530.0
3545.0
3542.0
4723.0
3822.0
6392.0
4731.0
7159.0
5498.0
6365.0
6346.0
6347.0
6277.0
6288.0
4565.0
5887.0
4208.0
5265.0
4758.0
4768.0
3975.0
4150.0
4138.0
4141.0
4128.0
4528.0
3927.0
4117.0
3955.0
5027.0
3024.0
3044.0
3026.0
3031.0
2758.0
3388.0
3367.0
3384.0
3374.0
3577.0
3559.0
3678.0
3660.0
3662.0
3167.0
3169.0
3136.0
4666.0
3808.0
7042.0
5151.0
5161.0
5153.0
8356.0
6962.0
7061.0
6859.0
8861.0
8231.0
9283.0
9224.0
9232.0
9202.0
9205.0
5497.0
6573.0
6546.0
6552.0
6531.0
6532.0
4579.0
4580.0
4524.0
5542.0
3694.0
3878.0
3685.0
3761.0
3075.0
3121.0
2698.0
2705.0
2355.0
2588.0
2412.0
2994.0
2920.0
2927.0
2921.0
4484.0
4333.0
4334.0
4306.0
4308.0
3810.0
4553.0
4121.0
4171.0
4149.0
5428.0
5423.0
5431.0
5371.0
5384.0
5369.0
5943.0
5930.0
6557.0
6533.0
6550.0
6543.0
6849.0
6445.0
6458.0
6446.0
6543.0
6524.0
6530.0
6446.0
6624.0
6612.0
6614.0
6088.0
6092.0
5617.0
6127.0
6106.0
6371.0
6354.0
6801.0
5022.0
5353.0
5331.0
5343.0
5284.0
5313.0
5306.0
5312.0
2897.0
4575.0
4533.0
4977.0
4495.0
6023.0
6006.0
6199.0
6195.0
6648.0
6634.0
7116.0
6961.0
8612.0
8542.0
10020.0
9822.0
9935.0
9889.0
10350.0
10340.0
10360.0
10350.0
10750.0
10710.0
11060.0
9720.0
9953.0
9657.0
9723.0
9719.0
9746.0
9740.0
9745.0
9735.0
9742.0
9739.0
10210.0
7341.0
9531.0
6789.0
7446.0
7300.0
7304.0
7290.0
7296.0
6346.0
6351.0
6344.0
6456.0
6196.0
6455.0
6445.0
6465.0
6458.0
6827.0
6492.0
6513.0
6508.0
9110.0
6971.0
6975.0
6964.0
6971.0
6855.0
6867.0
6818.0
11330.0
6644.0
6699.0
6663.0
7168.0
7146.0
7174.0
7141.0
9566.0
7428.0
7474.0
7428.0
7435.0
7427.0
8173.0
8164.0
8171.0
4759.0
5285.0
5109.0
5616.0
5366.0
7210.0
2690.0
8768.0
6356.0
7152.0
6525.0
6892.0
6856.0
7474.0
7463.0
7496.0
7494.0
7500.0
7495.0
9602.0
9555.0
9556.0
9540.0
9553.0
8853.0
8872.0
8853.0
8868.0
8862.0
8868.0
8811.0
9056.0
6414.0
6427.0
6396.0
8876.0
8167.0
8185.0
5727.0
6484.0
6334.0
8087.0
4060.0
5576.0
4554.0
4602.0
4308.0
4583.0
4443.0
4632.0
4119.0
6467.0
3803.0
6072.0
4793.0
4983.0
4685.0
4686.0
4682.0
4686.0
4678.0
4680.0
4607.0
6652.0
5054.0
6370.0
6356.0
6988.0
4561.0
4597.0
4587.0
4600.0
4592.0
5008.0
4824.0
4829.0
3841.0
3853.0
3846.0
4723.0
4714.0
5119.0
2976.0
3257.0
2495.0
3788.0
3420.0
4527.0
4401.0
5372.0
4089.0
4112.0
4088.0
4141.0
4017.0
5667.0
4829.0
5220.0
4814.0
5854.0
5372.0
5462.0
5328.0
5331.0
4834.0
7467.0
7452.0
7477.0
6916.0
6942.0
5187.0
8091.0
3749.0
6343.0
6092.0
6488.0
4763.0
4805.0
4804.0
7000.0
5153.0
5159.0
5155.0
5171.0
3769.0
3773.0
3768.0
3809.0
3179.0
3684.0
3014.0
3417.0
2331.0
3027.0
2286.0
4680.0
2494.0
3077.0
1311.0
5696.0
2140.0
2375.0
2344.0
7550.0
2510.0
7287.0
6106.0
6142.0
6141.0
6592.0
5687.0
6613.0
4515.0
5186.0
5002.0
5456.0
5425.0
5448.0
5435.0
5703.0
5028.0
6907.0
4772.0
4776.0
4633.0
4871.0
4721.0
5518.0
3759.0
3869.0
3826.0
6390.0
5062.0
5557.0
5546.0
5552.0
5546.0
5566.0
5560.0
5576.0
5555.0
5654.0
4903.0
4908.0
4578.0
5648.0
5359.0
5406.0
4260.0
7806.0
5273.0
5289.0
5284.0
5321.0
5192.0
7166.0
7154.0
7199.0
4634.0
5092.0
4756.0
5086.0
4793.0
5060.0
3623.0
4976.0
4971.0
4972.0
4452.0
4614.0
4477.0
4772.0
4765.0
6093.0
5961.0
5963.0
5948.0
6994.0
5152.0
5315.0
5311.0
5321.0
5034.0
6078.0
5876.0
6837.0
6102.0
6108.0
4877.0
5049.0
4989.0
5571.0
5554.0
6554.0
6295.0
6949.0
6352.0
9436.0
9195.0
9202.0
7568.0
7668.0
7461.0
7946.0
7938.0
7947.0
7928.0
9196.0
9081.0
9658.0
9653.0
9674.0
9439.0
10330.0
9647.0
9653.0
9632.0
9634.0
8467.0
9736.0
8447.0
8535.0
7590.0
7759.0
7746.0
7750.0
5463.0
8479.0
5597.0
5658.0
5656.0
5664.0
5653.0
5655.0
5653.0
10860.0
9202.0
9320.0
8468.0
10030.0
8723.0
13080.0
9399.0
9433.0
9041.0
9045.0
9032.0
9157.0
7712.0
7729.0
5771.0
5778.0
5748.0
5761.0
5750.0
5757.0
5754.0
5756.0
5727.0
5750.0
5648.0
5706.0
4073.0
5756.0
5671.0
5755.0
2016.0
4083.0
2042.0
3025.0
2782.0
3251.0
2973.0
3419.0
3360.0
4545.0
2806.0
5466.0
3916.0
3922.0
3715.0
6687.0
4732.0
4873.0
4861.0
4878.0
4826.0
4834.0
4822.0
5153.0
5117.0
5118.0
5108.0
5113.0
5112.0
5176.0
4868.0
4988.0
4551.0
4814.0
4640.0
4670.0
4661.0
4697.0
4693.0
4719.0
552.2
940.3
881.6
905.0
882.2
2077.0
1379.0
4141.0
3022.0
3044.0
3015.0
3023.0
2989.0
3007.0
3003.0
3020.0
3007.0
5070.0
4993.0
5007.0
4856.0
4864.0
4856.0
4991.0
4969.0
5923.0
5065.0
6617.0
5468.0
5783.0
4034.0
4758.0
4757.0
4777.0
4756.0
4782.0
4779.0
4817.0
3698.0
3735.0
3732.0
4107.0
3729.0
3733.0
3726.0
3799.0
3785.0
3786.0
3751.0
4146.0
3749.0
7530.0
7468.0
7584.0
7573.0
7744.0
6125.0
7274.0
7240.0
7290.0
7203.0
7334.0
7322.0
7383.0
7076.0
10930.0
10870.0
10880.0
10870.0
10970.0
9689.0
9725.0
8782.0
8916.0
8722.0
10360.0
9924.0
10000.0
9374.0
9708.0
9051.0
9588.0
8922.0
9297.0
8382.0
8413.0
8398.0
8427.0
8186.0
8201.0
8197.0
8347.0
8321.0
8340.0
8057.0
9869.0
6664.0
8021.0
8013.0
8057.0
8054.0
8077.0
8002.0
8281.0
5390.0
7827.0
7803.0
7811.0
4682.0
6709.0
6666.0
9463.0
7856.0
7863.0
7338.0
9196.0
9159.0
9163.0
9124.0
10710.0
9583.0
9691.0
9371.0
9402.0
9399.0
9432.0
9424.0
9480.0
9444.0
9474.0
9443.0
9445.0
8917.0
8931.0
8908.0
10390.0
7974.0
11960.0
7920.0
8643.0
4004.0
4059.0
3941.0
4803.0
1305.0
3021.0
3012.0
3029.0
3003.0
4497.0
3473.0
7123.0
7114.0
7115.0
5897.0
5920.0
5907.0
5917.0
5913.0
8383.0
6394.0
7883.0
7879.0
7891.0
5715.0
7167.0
4303.0
5185.0
5172.0
5177.0
3214.0
3307.0
3305.0
3326.0
2286.0
2293.0
2292.0
2642.0
2625.0
3670.0
3666.0
3673.0
3637.0
4726.0
4658.0
5041.0
4678.0
4971.0
4083.0
4120.0
3721.0
3740.0
3738.0
6388.0
6335.0
6345.0
6336.0
6800.0
6429.0
6809.0
6798.0
6806.0
6650.0
7534.0
7530.0
7557.0
7554.0
7772.0
7671.0
8232.0
8188.0
8298.0
7131.0
8094.0
3974.0
4098.0
3700.0
3701.0
3090.0
3708.0
3702.0
3720.0
3642.0
3869.0
3868.0
3880.0
1673.0
1678.0
1660.0
1763.0
1753.0
1756.0
1747.0
3826.0
2544.0
7044.0
5770.0
9727.0
9726.0
9928.0
6851.0
6920.0
6492.0
6832.0
6770.0
6965.0
4663.0
5169.0
4903.0
5119.0
4329.0
5610.0
3213.0
3640.0
3638.0
3654.0
3075.0
3076.0
3058.0
3061.0
2911.0
3384.0
3353.0
5358.0
3245.0
3474.0
3460.0
3461.0
3437.0
5262.0
3301.0
4708.0
2355.0
3695.0
2615.0
2777.0
2765.0
2767.0
1953.0
2511.0
818.2
857.5
844.5
2564.0
2562.0
2667.0
2623.0
2631.0
2615.0
3068.0
2799.0
3273.0
3266.0
3281.0
3274.0
7054.0
7050.0
7054.0
6753.0
6783.0
6632.0
7051.0
7037.0
7817.0
7596.0
7610.0
7600.0
7633.0
7610.0
7611.0
7606.0
7734.0
7725.0
7737.0
7395.0
7405.0
7396.0
7404.0
6965.0
7040.0
7038.0
7046.0
7000.0
7045.0
7034.0
8582.0
5531.0
6999.0
6997.0
7008.0
5645.0
5662.0
5661.0
6034.0
5868.0
5875.0
3426.0
3609.0
3580.0
5546.0
5295.0
5389.0
3729.0
3791.0
3788.0
5143.0
5050.0
5051.0
4654.0
7199.0
4952.0
6021.0
4823.0
7454.0
7406.0
7851.0
7848.0
7869.0
7760.0
8102.0
6012.0
6552.0
4876.0
4917.0
4908.0
4923.0
4909.0
5625.0
2814.0
2889.0
2885.0
4352.0
2479.0
3560.0
3487.0
3497.0
2933.0
2978.0
2289.0
2803.0
2553.0
2603.0
2022.0
4318.0
2969.0
6403.0
6402.0
6407.0
4017.0
4220.0
4211.0
4218.0
4189.0
4404.0
3852.0
3853.0
3846.0
3881.0
3493.0
3506.0
3141.0
3720.0
1289.0
1356.0
-78.52
43.83
41.08
57.43
22.13
505.8
502.8
515.3
345.3
363.8
358.6
668.4
382.1
400.5
74.2
1468.0
1466.0
1493.0
1491.0
1497.0
1286.0
1287.0
1254.0
1256.0
1254.0
1277.0
1268.0
6419.0
5758.0
5789.0
5694.0
5715.0
5709.0
7199.0
6931.0
6939.0
6726.0
8843.0
8657.0
8665.0
5644.0
6494.0
4967.0
5058.0
5057.0
5070.0
5028.0
9688.0
7908.0
7922.0
7917.0
7920.0
7567.0
7569.0
7537.0
7548.0
7532.0
7539.0
7493.0
7503.0
7497.0
7538.0
7524.0
7536.0
7511.0
7524.0
7520.0
7656.0
7655.0
7695.0
7510.0
11930.0
7235.0
10630.0
7058.0
7085.0
6729.0
7328.0
6497.0
6504.0
6018.0
6411.0
5440.0
5994.0
5959.0
6221.0
5951.0
8303.0
4542.0
4632.0
4628.0
4808.0
4792.0
4802.0
4765.0
4795.0
4783.0
6770.0
6526.0
6532.0
6528.0
9673.0
9612.0
9625.0
9607.0
10990.0
10160.0
10200.0
9526.0
10940.0
9618.0
10010.0
9715.0
9837.0
8443.0
8464.0
8453.0
8463.0
8442.0
9147.0
4292.0
4294.0
4291.0
5783.0
1780.0
3141.0
3128.0
3145.0
3104.0
4558.0
4525.0
4534.0
4533.0
4551.0
3346.0
3591.0
3298.0
4077.0
3998.0
4708.0
4278.0
6422.0
6400.0
6477.0
6473.0
6479.0
6212.0
6254.0
6245.0
6263.0
5467.0
7184.0
4721.0
5980.0
5622.0
5625.0
5619.0
5649.0
4638.0
4709.0
3849.0
3862.0
3585.0
3615.0
3591.0
3618.0
3614.0
4030.0
3853.0
3857.0
3841.0
3981.0
2629.0
2822.0
2099.0
2884.0
2650.0
5358.0
3897.0
4418.0
4102.0
5063.0
5042.0
5050.0
4967.0
8230.0
7118.0
7330.0
7264.0
9145.0
9109.0
9114.0
7757.0
7766.0
7699.0
10220.0
10150.0
10160.0
8044.0
8724.0
8708.0
10310.0
6674.0
6738.0
6733.0
6751.0
6608.0
6620.0
6615.0
6646.0
5965.0
7703.0
7316.0
7320.0
6289.0
8685.0
8606.0
9248.0
6035.0
8805.0
7603.0
9087.0
6590.0
7740.0
7423.0
8199.0
5970.0
10410.0
6282.0
6946.0
6619.0
6847.0
6839.0
6841.0
6736.0
7510.0
6520.0
6877.0
6465.0
6622.0
6621.0
6635.0
6043.0
7608.0
5184.0
5188.0
1425.0
1778.0
1711.0
2715.0
2712.0
3483.0
3480.0
3493.0
3373.0
3377.0
3349.0
3457.0
3440.0
3445.0
3367.0
4539.0
3145.0
7201.0
5524.0
8555.0
8488.0
8677.0
7836.0
7845.0
7840.0
10980.0
7858.0
8236.0
6196.0
6212.0
6203.0
6289.0
6284.0
6287.0
3687.0
5929.0
5917.0
5943.0
3713.0
6201.0
4943.0
9026.0
8687.0
9183.0
8779.0
9101.0
9065.0
12620.0
12590.0
13060.0
10720.0
10880.0
10870.0
10890.0
10850.0
11450.0
10700.0
13480.0
8776.0
10250.0
1870.0
2133.0
2087.0
2103.0
1791.0
1873.0
372.5
816.0
234.2
281.0
280.8
1773.0
1717.0
1755.0
1736.0
1792.0
-1010.0
1621.0
1619.0
1630.0
1553.0
1559.0
1540.0
1721.0
1709.0
1715.0
1618.0
1658.0
1656.0
2083.0
2078.0
2984.0
2933.0
4452.0
4438.0
4444.0
3979.0
4035.0
4029.0
4061.0
3803.0
3842.0
3826.0
3828.0
1574.0
1663.0
1545.0
1554.0
1549.0
1852.0
1842.0
1843.0
1824.0
3244.0
915.0
3407.0
3404.0
6645.0
6351.0
8322.0
8314.0
8328.0
8325.0
8349.0
7946.0
10600.0
8441.0
8559.0
8556.0
8557.0
8454.0
8604.0
6336.0
7109.0
7092.0
8133.0
8081.0
8457.0
5155.0
8660.0
4459.0
5638.0
5471.0
5477.0
5468.0
5484.0
4659.0
4799.0
4634.0
4635.0
3941.0
3975.0
3227.0
4498.0
3970.0
3984.0
3320.0
8171.0
5180.0
9536.0
9528.0
9549.0
6975.0
10560.0
8045.0
8313.0
8255.0
8267.0
8258.0
8402.0
6937.0
7868.0
3761.0
3852.0
3847.0
3863.0
3762.0
3790.0
3775.0
3895.0
3893.0
3902.0
3854.0
5892.0
5891.0
5892.0
5635.0
5662.0
4357.0
6751.0
4596.0
4607.0
4529.0
5862.0
5462.0
5729.0
5716.0
7308.0
6603.0
6694.0
5579.0
6021.0
5479.0
6044.0
4179.0
4427.0
4298.0
4308.0
4158.0
5540.0
5092.0
6272.0
4797.0
9053.0
5702.0
9574.0
5482.0
5493.0
3918.0
4774.0
4692.0
4948.0
4145.0
7366.0
6998.0
7179.0
2784.0
5777.0
5679.0
6737.0
6574.0
6767.0
4524.0
11000.0
7330.0
10350.0
9783.0
9823.0
9017.0
9296.0
6781.0
6823.0
6822.0
6823.0
4796.0
6842.0
3762.0
5314.0
3451.0
3496.0
3388.0
4141.0
3857.0
6288.0
5291.0
5292.0
5281.0
6915.0
6896.0
6909.0
6820.0
10130.0
5330.0
6228.0
6106.0
6450.0
5793.0
5852.0
5583.0
9818.0
6359.0
6377.0
6374.0
6400.0
6387.0
7858.0
5644.0
5765.0
5633.0
7195.0
6378.0
6536.0
5150.0
5887.0
5876.0
5905.0
5864.0
5891.0
5819.0
7768.0
6999.0
7128.0
7120.0
7265.0
7238.0
7253.0
7243.0
7287.0
7272.0
7578.0
6786.0
7101.0
7099.0
7433.0
7390.0
7416.0
7201.0
7253.0
6292.0
6632.0
6052.0
10010.0
7232.0
7270.0
7259.0
7441.0
7424.0
9161.0
8428.0
8803.0
7658.0
7882.0
7456.0
7989.0
7987.0
7988.0
6883.0
7050.0
7047.0
7056.0
6214.0
6982.0
5615.0
7016.0
3290.0
4027.0
4019.0
5547.0
3569.0
3618.0
3581.0
3589.0
3575.0
3599.0
3262.0
4607.0
4592.0
4868.0
4362.0
4364.0
4027.0
5668.0
5655.0
5883.0
5472.0
5512.0
4948.0
5193.0
4745.0
5304.0
5059.0
5064.0
5039.0
5043.0
4994.0
5020.0
5018.0
5282.0
5208.0
6534.0
6418.0
6426.0
6150.0
6550.0
4554.0
5813.0
5812.0
6338.0
6334.0
6368.0
3597.0
3952.0
3936.0
3940.0
3906.0
3911.0
3730.0
3750.0
3742.0
3754.0
2589.0
4025.0
4023.0
4024.0
4021.0
4191.0
4189.0
4201.0
3087.0
3140.0
3130.0
4384.0
3355.0
6095.0
4218.0
4425.0
4354.0
5113.0
4674.0
4838.0
4837.0
5192.0
3178.0
3495.0
3200.0
4345.0
4338.0
4340.0
2295.0
2463.0
2159.0
2609.0
2592.0
2614.0
2497.0
3997.0
2370.0
3767.0
3761.0
4252.0
4053.0
5550.0
3877.0
3900.0
3893.0
4780.0
3494.0
3500.0
3475.0
3546.0
3543.0
4569.0
4464.0
5227.0
5098.0
5361.0
4127.0
5990.0
5529.0
5532.0
5522.0
5587.0
4832.0
5490.0
5056.0
5720.0
5610.0
5959.0
3976.0
4507.0
4444.0
4806.0
4738.0
4786.0
4672.0
4676.0
4656.0
4674.0
4672.0
4897.0
3926.0
3974.0
3962.0
4016.0
4013.0
4565.0
2005.0
2009.0
2001.0
3598.0
3045.0
3249.0
2165.0
3806.0
2717.0
2904.0
2119.0
2472.0
2161.0
2503.0
2426.0
2429.0
2385.0
4875.0
4020.0
4766.0
3949.0
4026.0
3183.0
3246.0
3232.0
3246.0
3243.0
3279.0
3266.0
3288.0
3276.0
4091.0
4036.0
5256.0
3759.0
6203.0
4118.0
5633.0
5567.0
5583.0
5560.0
5775.0
5375.0
5376.0
5273.0
5297.0
5053.0
5594.0
4818.0
4828.0
4255.0
4267.0
4259.0
4537.0
4451.0
4560.0
3050.0
3097.0
3079.0
3086.0
3062.0
3067.0
3025.0
4340.0
4329.0
4330.0
1590.0
2708.0
2544.0
2607.0
2605.0
2619.0
2593.0
2606.0
2594.0
3454.0
3038.0
3106.0
2790.0
3250.0
3157.0
3617.0
2864.0
2880.0
2460.0
4257.0
3852.0
3856.0
3851.0
4060.0
3792.0
4938.0
3744.0
3808.0
3798.0
3831.0
3716.0
4685.0
4596.0
4597.0
4048.0
4049.0
4048.0
4246.0
3910.0
3912.0
3889.0
3907.0
3130.0
3173.0
3172.0
5022.0
3536.0
4189.0
4177.0
4522.0
4107.0
4111.0
4108.0
4157.0
3780.0
5049.0
4597.0
4613.0
2528.0
2578.0
2568.0
2571.0
2431.0
3147.0
3127.0
4228.0
2249.0
5196.0
2660.0
5042.0
3840.0
4252.0
4244.0
4854.0
4093.0
4626.0
3841.0
4512.0
4466.0
4476.0
4470.0
5158.0
4666.0
4776.0
3947.0
3951.0
3945.0
7294.0
4800.0
6713.0
4862.0
5790.0
5316.0
5326.0
3801.0
4998.0
3123.0
3939.0
3750.0
4069.0
3234.0
3355.0
2953.0
3491.0
3417.0
3445.0
3392.0
3893.0
3711.0
3778.0
2871.0
2988.0
2842.0
4575.0
4573.0
5749.0
4198.0
4686.0
4600.0
4610.0
4608.0
6013.0
6004.0
6007.0
4861.0
8339.0
5424.0
8112.0
6550.0
6636.0
6631.0
6643.0
6508.0
7935.0
6204.0
6341.0
5417.0
5556.0
4943.0
5179.0
4815.0
5815.0
5376.0
5658.0
5023.0
5036.0
5029.0
5051.0
4319.0
4324.0
4309.0
4341.0
4321.0
4323.0
4233.0
4237.0
4141.0
4157.0
4153.0
4513.0
4510.0
5353.0
4645.0
6013.0
6005.0
6018.0
5986.0
5992.0
5039.0
5118.0
5098.0
5113.0
5103.0
5109.0
5104.0
7798.0
5929.0
8799.0
6854.0
7268.0
5527.0
5668.0
5658.0
5678.0
5667.0
7727.0
6479.0
6622.0
5276.0
7180.0
6803.0
7043.0
5549.0
5913.0
3845.0
6614.0
6449.0
7392.0
4199.0
5295.0
4763.0
5324.0
5169.0
5769.0
5115.0
5324.0
4091.0
4373.0
4345.0
4350.0
4322.0
5483.0
5478.0
5984.0
4774.0
4809.0
4791.0
9528.0
5486.0
7735.0
7343.0
7499.0
7489.0
9914.0
9653.0
9723.0
8136.0
8152.0
8148.0
8193.0
8177.0
8189.0
7124.0
7128.0
7041.0
9857.0
9612.0
9613.0
9601.0
9736.0
5147.0
6006.0
5995.0
5997.0
5767.0
6531.0
3228.0
7946.0
3200.0
3218.0
3209.0
3220.0
3173.0
8704.0
4059.0
7906.0
5684.0
10620.0
5856.0
7661.0
7646.0
7663.0
7462.0
7905.0
6742.0
7717.0
6261.0
6999.0
6611.0
6959.0
5860.0
6240.0
5564.0
5676.0
5468.0
5689.0
3652.0
3695.0
3367.0
5196.0
5138.0
5151.0
5115.0
5279.0
4259.0
4689.0
4575.0
5019.0
4336.0
5917.0
5304.0
5444.0
4436.0
4437.0
4404.0
4406.0
4386.0
4396.0
4368.0
4640.0
4630.0
7369.0
4662.0
6975.0
6936.0
7851.0
6104.0
6725.0
6236.0
6253.0
5186.0
5601.0
5481.0
6138.0
4753.0
6825.0
5221.0
6107.0
4635.0
9016.0
5632.0
5690.0
5665.0
5679.0
5673.0
5677.0
5673.0
7866.0
6355.0
8270.0
8249.0
8251.0
6411.0
8412.0
7835.0
8049.0
6357.0
7143.0
6935.0
6938.0
6915.0
6919.0
6443.0
6903.0
6407.0
6771.0
6764.0
6777.0
5604.0
5610.0
5204.0
5832.0
4469.0
4544.0
4499.0
5047.0
4387.0
5075.0
5055.0
5059.0
4450.0
4671.0
4612.0
4626.0
4587.0
4942.0
4593.0
4935.0
4924.0
5370.0
5355.0
5364.0
5327.0
5513.0
5290.0
5588.0
5438.0
10370.0
6160.0
6773.0
6730.0
8850.0
7597.0
8114.0
4670.0
11010.0
4398.0
4916.0
4883.0
7413.0
4184.0
5594.0
5514.0
5612.0
4185.0
6784.0
6732.0
6747.0
6743.0
6752.0
6096.0
8152.0
8150.0
8170.0
8162.0
8404.0
7720.0
8388.0
7882.0
7976.0
7973.0
7987.0
7575.0
11200.0
7354.0
8047.0
7760.0
8484.0
7033.0
8268.0
5465.0
7566.0
3578.0
6799.0
3727.0
3730.0
3700.0
3840.0
3825.0
3839.0
3792.0
3805.0
3792.0
3809.0
3802.0
3813.0
3806.0
3834.0
3831.0
3846.0
3685.0
4769.0
4758.0
4773.0
4737.0
4751.0
4734.0
4749.0
4251.0
7450.0
5522.0
5525.0
5506.0
5532.0
5529.0
8021.0
6003.0
6604.0
6558.0
7158.0
6562.0
6673.0
6668.0
6678.0
6660.0
8514.0
6647.0
6680.0
6650.0
6694.0
6614.0
9599.0
8736.0
9431.0
8187.0
8236.0
6985.0
6989.0
6745.0
8634.0
5159.0
6041.0
5926.0
6356.0
4916.0
4918.0
4894.0
5382.0
5305.0
5392.0
4489.0
7505.0
5494.0
5815.0
5580.0
5588.0
5376.0
8178.0
8141.0
8239.0
5339.0
10060.0
5547.0
7414.0
4791.0
6360.0
5851.0
6537.0
3723.0
4586.0
3642.0
4038.0
3552.0
4357.0
3961.0
5676.0
5076.0
5532.0
5211.0
5336.0
4566.0
6467.0
6457.0
6471.0
6357.0
7837.0
7426.0
7985.0
7970.0
7973.0
7898.0
8464.0
8314.0
8873.0
8870.0
9245.0
5947.0
5976.0
5974.0
5997.0
5993.0
6004.0
6003.0
6168.0
6153.0
6155.0
6136.0
6248.0
6214.0
6246.0
5811.0
6585.0
5681.0
7738.0
3993.0
4372.0
4368.0
7025.0
2504.0
5469.0
3564.0
6490.0
6462.0
6564.0
4846.0
6338.0
6337.0
6338.0
6289.0
7313.0
4620.0
10750.0
5987.0
6728.0
5964.0
5978.0
5174.0
5398.0
5385.0
5405.0
5131.0
8707.0
5172.0
7215.0
7199.0
7576.0
5277.0
5971.0
5966.0
5970.0
4584.0
6347.0
4692.0
9714.0
5687.0
6248.0
6026.0
7626.0
5804.0
7463.0
5259.0
7548.0
7530.0
7551.0
7549.0
7567.0
7558.0
7566.0
6818.0
6841.0
6830.0
6894.0
5396.0
5440.0
5437.0
5471.0
5437.0
5561.0
5537.0
6420.0
6091.0
7491.0
3674.0
6997.0
4181.0
6316.0
4159.0
7372.0
6462.0
6538.0
5727.0
6530.0
6225.0
6236.0
6030.0
7241.0
5129.0
5303.0
4965.0
7464.0
3043.0
4727.0
4479.0
4489.0
2395.0
2952.0
2931.0
3361.0
2970.0
3072.0
2637.0
2691.0
2379.0
4511.0
2709.0
5490.0
2676.0
4522.0
3457.0
3462.0
3459.0
7567.0
7240.0
7254.0
6528.0
6541.0
6536.0
6549.0
6345.0
6458.0
6457.0
6474.0
5973.0
5977.0
5956.0
5958.0
5675.0
5693.0
5687.0
5699.0
5684.0
5699.0
5664.0
5984.0
5956.0
5960.0
4935.0
5726.0
5697.0
5705.0
5702.0
5870.0
2910.0
2916.0
2912.0
3100.0
3047.0
3367.0
3059.0
3135.0
2711.0
4391.0
4389.0
4430.0
1996.0
2013.0
1995.0
5200.0
3648.0
3719.0
3711.0
6696.0
6658.0
6696.0
6130.0
6869.0
6819.0
6820.0
6798.0
7065.0
4905.0
7110.0
5003.0
7185.0
5059.0
5060.0
5059.0
7159.0
7158.0
7159.0
5064.0
7196.0
5070.0
7193.0
5097.0
6411.0
