-1857.35
-1695.05
-1532.75
-1370.45
-1208.15
-1045.85
-883.55
-721.25
-558.95
-396.65
-234.35
-72.05
90.25
252.55
414.85
577.15
739.45
901.75
1064.05
1226.35
1388.65
1550.95
1713.25
1875.55
2037.85
2200.15
2362.45
2524.75
2687.05
2849.35
3011.65
3173.95
3336.25
3498.55
3660.85
3823.15
3985.45
4147.75
4310.05
4472.35
4634.65
4796.95
4959.25
5121.55
5283.85
5446.15
5608.45
5770.75
5933.05
6095.35
6257.65
6419.95
6582.25
6744.55
6906.85
7069.15
7231.45
7393.75
7556.05
7718.35
7880.65
8042.95
8205.25
8367.55
8529.85
8692.15
8854.45
9016.75
9179.05
9341.35
9503.65
9665.95
9828.25
9990.55
10152.85
10315.15
10477.45
10639.75
10802.05
10964.35
11126.65
11288.95
11451.25
11613.55
11775.85
11938.15
12100.45
12262.75
12425.05
12587.35
12749.65
12911.95
13074.25
13236.55
13398.85
13561.15
13723.45
13885.75
14048.05
14210.35
