0.743 0.805 0.917 0.109 0.759 0.079 0.539 0.197 0.243 
0.113 0.043 0.913 0.489 0.869 0.119 0.723 0.283 0.663 
0.753 0.489 0.825 0.605 0.369 0.721 0.163 0.225 0.311 
0.573 0.859 0.631 0.587 0.319 0.053 0.273 0.325 0.055 
0.689 0.755 0.423 0.549 0.727 0.017 0.075 0.297 0.379 
0.467 0.067 0.539 0.171 0.815 0.513 0.631 0.351 0.481 
0.239 0.301 0.273 0.575 0.403 0.393 0.715 0.765 0.123 
0.291 0.563 0.195 0.181 0.361 0.355 0.027 0.497 0.259 
0.501 0.761 0.507 0.165 0.825 0.117 0.089 0.109 0.079 
0.787 0.113 0.687 0.561 0.107 0.647 0.831 0.085 0.037 
0.435 0.349 0.929 0.385 0.307 0.365 0.337 0.977 0.469 
0.165 0.903 0.263 0.707 0.433 0.233 0.693 0.451 0.367 
0.219 0.711 0.047 0.283 0.553 0.995 0.167 0.119 0.865 
0.577 0.779 0.767 0.737 0.811 0.319 0.785 0.179 0.489 
0.541 0.651 0.277 0.729 0.865 0.003 0.331 0.657 0.981 
0.899 0.525 0.609 0.565 0.651 0.793 0.191 0.097 0.757 
0.647 0.781 0.337 0.405 0.551 0.379 0.029 0.431 0.539 
0.491 0.367 0.141 0.325 0.473 0.675 0.019 0.671 0.439 
0.285 0.775 0.579 0.189 0.785 0.803 0.589 0.165 0.815 
0.333 0.099 0.287 0.541 0.997 0.637 0.527 0.135 0.537 
0.071 0.977 0.295 0.067 0.505 0.213 0.323 0.717 0.293 
0.509 0.757 0.857 0.279 0.077 0.933 0.179 0.181 0.913 
0.161 0.931 0.007 0.511 0.351 0.743 0.083 0.111 0.449 
0.771 0.915 0.389 0.503 0.127 0.659 0.507 0.425 0.531 
0.769 0.875 0.479 0.759 0.645 0.485 0.359 0.017 0.251 
0.441 0.873 0.811 0.427 0.173 0.507 0.363 0.251 0.089 
0.869 0.369 0.653 0.645 0.703 0.137 0.531 0.145 0.813 
0.819 0.737 0.887 0.493 0.885 0.835 0.209 0.925 0.029 
0.415 0.979 0.869 0.663 0.345 0.881 0.551 0.551 0.415 
0.025 0.051 0.077 0.609 0.603 0.409 0.643 0.375 0.521 
0.383 0.661 0.409 0.655 0.111 0.977 0.739 0.081 0.905 
0.709 0.181 0.783 0.101 0.721 0.245 0.497 0.057 0.355 
0.243 0.241 0.761 0.961 0.563 0.519 0.193 0.043 0.043 
0.329 0.917 0.095 0.963 0.191 0.049 0.529 0.651 0.659 
0.337 0.975 0.215 0.221 0.145 0.963 0.667 0.273 0.165 
0.109 0.637 0.729 0.057 0.437 0.631 0.519 0.529 0.871 
0.657 0.577 0.785 0.233 0.753 0.083 0.555 0.083 0.377 
0.999 0.255 0.727 0.965 0.649 0.787 0.005 0.223 0.885 
0.017 0.007 0.801 0.749 0.741 0.897 0.931 0.683 0.529 
0.199 0.011 0.809 0.369 0.271 0.241 0.623 0.541 0.267 
0.617 0.073 0.037 0.527 0.057 0.437 0.661 0.895 0.747 
0.377 0.731 0.085 0.197 0.495 0.261 0.701 0.989 0.585 
0.623 0.077 0.575 0.689 0.003 0.633 0.557 0.705 0.429 
0.637 0.323 0.179 0.815 0.483 0.701 0.983 0.221 0.973 
0.961 0.117 0.225 0.117 0.773 0.531 0.751 0.533 0.999 
0.225 0.951 0.383 0.071 0.533 0.433 0.009 0.247 0.957 
0.865 0.147 0.685 0.733 0.215 0.535 0.109 0.727 0.717 
0.321 0.815 0.063 0.397 0.693 0.271 0.105 0.213 0.623 
0.565 0.337 0.069 0.585 0.957 0.565 0.367 0.167 0.877 
0.059 0.293 0.235 0.205 0.807 0.661 0.699 0.877 0.181 
0.365 0.247 0.599 0.303 0.671 0.089 0.173 0.667 0.235 
0.935 0.445 0.431 0.697 0.381 0.805 0.505 0.589 0.715 
0.371 0.121 0.593 0.781 0.939 0.517 0.371 0.707 0.907 
0.131 0.035 0.943 0.371 0.181 0.591 0.383 0.881 0.631 
0.939 0.433 0.597 0.455 0.217 0.589 0.653 0.769 0.693 
0.063 0.139 0.897 0.685 0.311 0.081 0.007 0.433 0.977 
0.201 0.861 0.681 0.819 0.141 0.133 0.797 0.981 0.507 
0.203 0.715 0.965 0.671 0.853 0.225 0.735 0.649 0.831 
0.511 0.681 0.883 0.271 0.019 0.967 0.823 0.703 0.233 
0.451 0.713 0.645 0.163 0.385 0.343 0.585 0.943 0.727 
0.123 0.669 0.091 0.597 0.155 0.217 0.935 0.905 0.307 
0.229 0.769 0.331 0.137 0.291 0.765 0.199 0.803 0.557 
0.547 0.613 0.453 0.629 0.733 0.503 0.659 0.617 0.265 
0.263 0.209 0.607 0.507 0.357 0.811 0.443 0.699 0.157 
0.459 0.797 0.859 0.473 0.331 0.671 0.119 0.217 0.901 
0.891 0.603 0.863 0.553 0.961 0.259 0.061 0.257 0.271 
0.525 0.707 0.455 0.847 0.443 0.919 0.943 0.973 0.285 
0.575 0.679 0.313 0.613 0.565 0.095 0.873 0.245 0.411 
0.335 0.881 0.641 0.389 0.877 0.001 0.003 0.147 0.359 
0.805 0.157 0.799 0.251 0.561 0.061 0.933 0.001 0.927 
0.713 0.343 0.061 0.317 0.129 0.199 0.595 0.825 0.095 
0.067 0.981 0.419 0.677 0.805 0.537 0.947 0.089 0.755 
0.417 0.201 0.149 0.029 0.647 0.893 0.485 0.947 0.673 
0.953 0.795 0.241 0.679 0.883 0.627 0.211 0.381 0.025 
0.933 0.435 0.873 0.421 0.325 0.551 0.433 0.711 0.575 
0.539 0.909 0.481 0.817 0.613 0.687 0.713 0.155 0.019 
0.189 0.813 0.147 0.721 0.789 0.325 0.441 0.723 0.201 
0.045 0.901 0.691 0.959 0.183 0.807 0.979 0.019 0.535 
0.173 0.013 0.353 0.981 0.601 0.185 0.521 0.985 0.953 
0.913 0.021 0.465 0.777 0.635 0.939 0.733 0.857 0.533 
0.185 0.351 0.777 0.265 0.333 0.019 0.939 0.781 0.937 
0.217 0.169 0.133 0.989 0.355 0.763 0.243 0.075 0.513 
0.943 0.853 0.823 0.235 0.303 0.747 0.847 0.469 0.923 
0.863 0.529 0.171 0.937 0.423 0.839 0.999 0.397 0.577 
0.695 0.561 0.697 0.551 0.123 0.821 0.803 0.079 0.645 
0.745 0.363 0.187 0.879 0.309 0.837 0.861 0.771 0.855 
0.681 0.145 0.315 0.867 0.163 0.775 0.949 0.303 0.323 
0.897 0.689 0.327 0.095 0.293 0.861 0.629 0.573 0.421 
0.843 0.471 0.399 0.853 0.839 0.841 0.225 0.663 0.023 
0.445 0.409 0.345 0.103 0.337 0.959 0.249 0.729 0.917 
0.667 0.657 0.357 0.535 0.873 0.043 0.951 0.641 0.749 
0.245 0.611 0.387 0.033 0.933 0.905 0.565 0.805 0.839 
0.487 0.735 0.401 0.673 0.745 0.487 0.613 0.389 0.809 
0.147 0.115 0.701 0.693 0.655 0.815 0.811 0.603 0.751 
0.193 0.839 0.199 0.289 0.091 0.907 0.487 0.507 0.763 
0.521 0.451 0.879 0.579 0.479 0.917 0.761 0.887 0.629 
0.469 0.773 0.581 0.635 0.897 0.347 0.941 0.747 0.649 
0.707 0.623 0.663 0.225 0.539 0.201 0.415 0.143 0.501 
0.793 0.487 0.343 0.193 0.633 0.653 0.805 0.517 0.401 
0.697 0.425 0.347 0.011 0.391 0.173 0.825 0.051 0.697 
0.315 0.399 0.391 0.453 0.871 0.791 0.025 0.583 0.389 
0.349 0.997 0.057 0.773 0.593 0.789 0.511 0.059 0.187 
0.019 0.983 0.437 0.379 0.103 0.473 0.833 0.501 0.435 
0.873 0.697 0.135 0.873 0.377 0.609 0.355 0.819 0.639 
0.651 0.653 0.139 0.555 0.353 0.667 0.509 0.571 0.263 
0.289 0.709 0.855 0.045 0.421 0.345 0.231 0.915 0.847 
0.585 0.327 0.039 0.383 0.945 0.695 0.235 0.835 0.787 
0.267 0.585 0.911 0.831 0.007 0.127 0.035 0.343 0.627 
0.813 0.841 0.553 0.591 0.895 0.781 0.793 0.201 0.141 
0.925 0.455 0.041 0.531 0.705 0.831 0.181 0.053 0.331 
0.351 0.701 0.279 0.495 0.047 0.091 0.819 0.741 0.985 
0.503 0.945 0.267 0.329 0.851 0.207 0.201 0.003 0.473 
0.507 0.521 0.469 0.447 0.941 0.499 0.285 0.127 0.277 
0.963 0.989 0.359 0.151 0.621 0.497 0.217 0.105 0.393 
0.799 0.419 0.189 0.967 0.913 0.455 0.619 0.457 0.551 
0.105 0.173 0.751 0.973 0.591 0.975 0.547 0.975 0.147 
0.699 0.231 0.753 0.387 0.511 0.123 0.153 0.453 0.861 
0.747 0.467 0.577 0.517 0.081 0.953 0.361 0.445 0.613 
0.563 0.783 0.261 0.641 0.951 0.283 0.975 0.037 0.617 
0.311 0.673 0.227 0.139 0.347 0.957 0.669 0.227 0.335 
0.235 0.123 0.201 0.833 0.599 0.707 0.579 0.243 0.653 
0.719 0.317 0.885 0.915 0.279 0.541 0.117 0.785 0.821 
0.759 0.833 0.717 0.263 0.575 0.151 0.013 0.137 0.241 
0.035 0.237 0.521 0.699 0.589 0.007 0.843 0.203 0.407 
0.287 0.417 0.953 0.415 0.993 0.277 0.409 0.669 0.895 
0.281 0.273 0.905 0.881 0.125 0.321 0.665 0.561 0.941 
0.649 0.995 0.031 0.883 0.413 0.287 0.679 0.265 0.361 
0.421 0.015 0.281 0.755 0.119 0.353 0.261 0.613 0.601 
0.733 0.639 0.949 0.975 0.375 0.155 0.403 0.549 0.279 
0.905 0.329 0.333 0.401 0.723 0.711 0.725 0.211 0.493 
0.595 0.879 0.573 0.009 0.341 0.941 0.023 0.743 0.509 
0.213 0.551 0.585 0.801 0.827 0.373 0.065 0.169 0.781 
0.447 0.831 0.733 0.887 0.043 0.877 0.789 0.927 0.395 
0.091 0.591 0.995 0.311 0.803 0.029 0.865 0.157 0.801 
0.241 0.823 0.817 0.261 0.543 0.413 0.913 0.917 0.519 
0.997 0.431 0.725 0.855 0.657 0.509 0.357 0.427 0.007 
0.903 0.389 0.329 0.281 0.219 0.183 0.921 0.869 0.939 
0.967 0.695 0.221 0.985 0.937 0.039 0.151 0.291 0.511 
0.959 0.261 0.349 0.803 0.289 0.559 0.097 0.755 0.671 
0.233 0.277 0.675 0.323 0.407 0.673 0.345 0.091 0.967 
0.023 0.675 0.421 0.547 0.463 0.525 0.077 0.175 0.339 
0.785 0.477 0.979 0.717 0.399 0.147 0.581 0.153 0.223 
0.361 0.819 0.319 0.559 0.751 0.849 0.327 0.731 0.397 
0.567 0.949 0.335 0.465 0.327 0.587 0.909 0.673 0.471 
0.701 0.283 0.021 0.357 0.529 0.875 0.663 0.867 0.897 
0.009 0.595 0.443 0.309 0.991 0.469 0.879 0.321 0.177 
0.187 0.939 0.925 0.003 0.695 0.427 0.617 0.087 0.071 
0.513 0.197 0.207 0.725 0.339 0.025 0.011 0.475 0.133 
0.613 0.497 0.635 0.377 0.397 0.175 0.277 0.847 0.609 
0.849 0.557 0.019 0.259 0.675 0.247 0.079 0.209 0.841 
0.323 0.507 0.583 0.291 0.023 0.635 0.745 0.751 0.455 
0.591 0.647 0.081 0.683 0.515 0.761 0.053 0.267 0.289 
0.627 0.645 0.093 0.439 0.919 0.031 0.413 0.521 0.845 
0.399 0.187 0.099 0.161 0.559 0.157 0.449 0.851 0.063 
0.087 0.127 0.845 0.025 0.061 0.149 0.451 0.117 0.919 
0.457 0.109 0.623 0.375 0.015 0.219 0.421 0.073 0.381 
0.423 0.753 0.771 0.105 0.623 0.045 0.927 0.231 0.495 
0.895 0.553 0.947 0.249 0.923 0.093 0.237 0.349 0.795 
0.391 0.869 0.153 0.649 0.481 0.047 0.783 0.585 0.291 
0.005 0.355 0.679 0.019 0.305 0.601 0.453 0.447 0.169 
0.909 0.913 0.167 0.771 0.259 0.299 0.177 0.365 0.051 
0.395 0.863 0.223 0.987 0.343 0.489 0.605 0.791 0.599 
0.839 0.167 0.175 0.337 0.465 0.403 0.839 0.099 0.447 
0.367 0.793 0.603 0.321 0.203 0.891 0.991 0.859 0.807 
0.663 0.029 0.001 0.543 0.819 0.705 0.257 0.987 0.527 
0.473 0.219 0.643 0.739 0.115 0.829 0.033 0.969 0.565 
0.257 0.245 0.131 0.353 0.461 0.445 0.603 0.383 0.633 
0.021 0.897 0.229 0.843 0.387 0.969 0.393 0.539 0.031 
0.691 0.705 0.121 0.795 0.131 0.449 0.305 0.033 0.453 
0.841 0.837 0.505 0.173 0.735 0.279 0.141 0.627 0.783 
0.911 0.243 0.833 0.229 0.523 0.581 0.683 0.129 0.675 
0.609 0.025 0.987 0.027 0.363 0.429 0.737 0.949 0.413 
0.559 0.777 0.459 0.505 0.049 0.447 0.399 0.285 0.969 
0.853 0.107 0.667 0.157 0.947 0.015 0.781 0.991 0.849 
0.703 0.827 0.043 0.979 0.409 0.529 0.283 0.645 0.127 
0.037 0.513 0.555 0.849 0.999 0.973 0.087 0.853 0.863 
0.767 0.893 0.693 0.237 0.625 0.657 0.961 0.653 0.741 
0.375 0.855 0.941 0.519 0.143 0.037 0.593 0.045 0.305 
0.517 0.423 0.821 0.871 0.699 0.387 0.729 0.161 0.963 
0.355 0.885 0.921 0.651 0.793 0.947 0.437 0.611 0.611 
0.061 0.605 0.053 0.477 0.915 0.011 0.821 0.133 0.951 
0.309 0.811 0.561 0.971 0.401 0.845 0.281 0.655 0.991 
0.133 0.543 0.185 0.997 0.503 0.621 0.867 0.607 0.203 
0.725 0.421 0.157 0.223 0.033 0.399 0.495 0.395 0.053 
0.739 0.953 0.303 0.431 0.847 0.229 0.707 0.277 0.765 
0.137 0.223 0.705 0.183 0.979 0.159 0.827 0.125 0.057 
0.669 0.295 0.449 0.617 0.981 0.077 0.221 0.509 0.679 
0.327 0.803 0.205 0.885 0.857 0.423 0.973 0.063 0.925 
0.135 0.547 0.805 0.099 0.555 0.769 0.069 0.581 0.137 
0.307 0.137 0.113 0.705 0.907 0.005 0.353 0.337 0.909 
0.639 0.959 0.759 0.253 0.445 0.783 0.299 0.025 0.061 
0.883 0.131 0.531 0.047 0.959 0.767 0.813 0.049 0.595 
0.171 0.765 0.819 0.859 0.223 0.983 0.651 0.737 0.723 
0.499 0.227 0.017 0.951 0.609 0.643 0.841 0.813 0.107 
0.879 0.923 0.939 0.129 0.297 0.915 0.871 0.523 0.971 
0.531 0.963 0.989 0.941 0.459 0.249 0.425 0.183 0.337 
0.163 0.111 0.655 0.315 0.567 0.599 0.541 0.659 0.213 
0.957 0.229 0.385 0.735 0.499 0.669 0.807 0.827 0.753 
0.081 0.365 0.377 0.423 0.611 0.619 0.125 0.815 0.769 
0.599 0.969 0.285 0.701 0.243 0.801 0.465 0.841 0.569 
0.731 0.149 0.073 0.419 0.739 0.285 0.877 0.721 0.179 
0.227 0.593 0.101 0.567 0.607 0.421 0.275 0.021 0.687 
0.949 0.331 0.203 0.167 0.509 0.913 0.303 0.833 0.281 
0.619 0.193 0.611 0.731 0.497 0.465 0.335 0.843 0.641 
0.269 0.825 0.541 0.991 0.359 0.295 0.295 0.839 0.803 
0.379 0.587 0.051 0.957 0.221 0.235 0.405 0.359 0.867 
0.741 0.531 0.909 0.069 0.285 0.871 0.169 0.295 0.827 
0.411 0.663 0.499 0.851 0.781 0.753 0.055 0.013 0.301 
0.319 0.071 0.155 0.449 0.691 0.901 0.559 0.687 0.417 
0.151 0.179 0.625 0.007 0.159 0.113 0.045 0.159 0.571 
0.969 0.919 0.827 0.285 0.783 0.903 0.021 0.113 0.605 
0.197 0.733 0.763 0.691 0.995 0.411 0.753 0.241 0.945 
0.569 0.335 0.657 0.395 0.275 0.385 0.895 0.995 0.733 
0.099 0.615 0.411 0.331 0.935 0.153 0.903 0.535 0.719 
0.223 0.799 0.305 0.485 0.095 0.491 0.133 0.871 0.559 
0.857 0.199 0.587 0.005 0.053 0.101 0.427 0.899 0.419 
0.887 0.877 0.489 0.017 0.373 0.879 0.919 0.305 0.681 
0.809 0.061 0.169 0.695 0.707 0.557 0.137 0.675 0.045 
0.053 0.125 0.191 0.119 0.681 0.457 0.461 0.629 0.689 
0.597 0.403 0.985 0.295 0.855 0.951 0.703 0.577 0.167 
0.027 0.211 0.473 0.437 0.719 0.333 0.379 0.931 0.245 
0.247 0.971 0.289 0.051 0.659 0.593 0.767 0.103 0.889 
0.601 0.965 0.757 0.793 0.989 0.461 0.039 0.027 0.409 
0.095 0.987 0.183 0.625 0.637 0.885 0.711 0.237 0.851 
0.041 0.703 0.865 0.399 0.283 0.709 0.407 0.933 0.603 
0.369 0.105 0.563 0.995 0.001 0.495 0.265 0.883 0.959 
0.117 0.177 0.427 0.509 0.743 0.869 0.985 0.255 0.207 
0.621 0.275 0.935 0.239 0.519 0.267 0.347 0.215 0.131 
0.607 0.031 0.009 0.943 0.683 0.027 0.773 0.361 0.075 
0.103 0.443 0.181 0.433 0.467 0.121 0.937 0.527 0.989 
0.253 0.325 0.551 0.207 0.313 0.129 0.641 0.555 0.819 
0.277 0.271 0.743 0.925 0.881 0.215 0.475 0.565 0.125 
0.829 0.055 0.089 0.381 0.585 0.681 0.885 0.547 0.365 
0.587 0.721 0.627 0.715 0.763 0.961 0.113 0.233 0.255 
0.419 0.441 0.115 0.589 0.417 0.505 0.463 0.039 0.793 
0.073 0.235 0.959 0.343 0.665 0.873 0.993 0.677 0.283 
0.183 0.339 0.075 0.573 0.273 0.009 0.577 0.823 0.149 
0.635 0.747 0.107 0.113 0.977 0.685 0.787 0.437 0.561 
0.125 0.495 0.517 0.361 0.269 0.575 0.995 0.563 0.583 
0.387 0.691 0.741 0.065 0.195 0.651 0.997 0.483 0.385 
0.437 0.473 0.461 0.499 0.749 0.641 0.099 0.455 0.129 
0.907 0.377 0.341 0.061 0.765 0.547 0.697 0.979 0.545 
0.403 0.555 0.807 0.297 0.013 0.703 0.165 0.189 0.483 
0.549 0.745 0.035 0.403 0.713 0.739 0.583 0.329 0.947 
0.013 0.503 0.067 0.647 0.105 0.493 0.981 0.479 0.643 
0.615 0.867 0.787 0.805 0.101 0.167 0.881 0.369 0.399 
0.773 0.009 0.177 0.599 0.231 0.757 0.223 0.701 0.085 
0.673 0.961 0.259 0.203 0.093 0.729 0.477 0.301 0.725 
0.923 0.347 0.711 0.577 0.577 0.595 0.621 0.621 0.183 
0.317 0.215 0.003 0.135 0.439 0.577 0.515 0.367 0.993 
0.583 0.165 0.363 0.195 0.253 0.639 0.387 0.271 0.387 
0.845 0.207 0.251 0.471 0.755 0.733 0.107 0.795 0.325 
0.215 0.091 0.111 0.293 0.229 0.251 0.435 0.935 0.313 
0.107 0.391 0.103 0.753 0.257 0.825 0.203 0.123 0.589 
0.881 0.493 0.813 0.211 0.595 0.171 0.389 0.913 0.195 
0.381 0.175 0.881 0.747 0.661 0.945 0.491 0.647 0.581 
0.901 0.537 0.661 0.241 0.475 0.131 0.143 0.323 0.269 
0.571 0.083 0.045 0.791 0.493 0.391 0.057 0.789 0.357 
0.989 0.659 0.151 0.513 0.073 0.301 0.689 0.575 0.341 
0.945 0.453 0.527 0.143 0.245 0.351 0.503 0.423 0.257 
0.089 0.133 0.629 0.491 0.067 0.237 0.245 0.885 0.091 
0.097 0.785 0.977 0.863 0.431 0.169 0.795 0.193 0.105 
0.275 0.941 0.497 0.623 0.151 0.291 0.455 0.473 0.887 
0.711 0.267 0.429 0.199 0.541 0.611 0.657 0.339 0.143 
0.449 0.475 0.321 0.459 0.953 0.773 0.037 0.633 0.039 
0.259 0.251 0.695 0.341 0.435 0.623 0.121 0.761 0.875 
0.443 0.005 0.839 0.825 0.597 0.481 0.259 0.331 0.713 
0.835 0.727 0.371 0.745 0.571 0.109 0.489 0.829 0.101 
0.543 0.049 0.709 0.665 0.175 0.335 0.365 0.041 0.703 
0.439 0.093 0.671 0.807 0.149 0.751 0.239 0.061 0.965 
0.867 0.397 0.601 0.209 0.849 0.221 0.775 0.459 0.661 
0.249 0.607 0.769 0.767 0.415 0.655 0.899 0.695 0.891 
0.801 0.185 0.849 0.149 0.117 0.111 0.989 0.799 0.515 
0.141 0.771 0.773 0.593 0.507 0.389 0.473 0.441 0.657 
0.533 0.911 0.907 0.059 0.929 0.697 0.213 0.725 0.451 
0.995 0.791 0.903 0.607 0.605 0.407 0.349 0.697 0.883 
0.155 0.759 0.365 0.569 0.045 0.645 0.967 0.077 0.621 
0.159 0.135 0.495 0.319 0.737 0.521 0.471 0.275 0.979 
0.833 0.483 0.193 0.603 0.791 0.057 0.253 0.485 0.597 
0.603 0.375 0.557 0.761 0.927 0.737 0.571 0.287 0.317 
0.273 0.589 0.425 0.675 0.557 0.543 0.385 0.009 0.497 
0.687 0.225 0.703 0.133 0.629 0.209 0.569 0.007 0.113 
0.643 0.635 0.463 0.043 0.133 0.615 0.801 0.317 0.651 
0.207 0.821 0.745 0.201 0.619 0.443 0.855 0.597 0.151 
0.143 0.947 0.097 0.949 0.137 0.725 0.251 0.631 0.961 
0.847 0.515 0.165 0.667 0.087 0.013 0.339 0.261 0.115 
0.111 0.047 0.159 0.081 0.011 0.367 0.553 0.939 0.903 
0.001 0.865 0.105 0.911 0.889 0.847 0.597 0.855 0.059 
0.535 0.925 0.511 0.407 0.449 0.073 0.575 0.319 0.459 
0.463 0.265 0.715 0.031 0.731 0.405 0.567 0.625 0.253 
0.561 0.665 0.487 0.743 0.085 0.309 0.321 0.849 0.161 
0.129 0.097 0.415 0.571 0.583 0.931 0.267 0.679 0.665 
0.481 0.357 0.651 0.723 0.429 0.571 0.391 0.569 0.853 
0.537 0.491 0.997 0.921 0.321 0.139 0.315 0.373 0.705 
0.433 0.159 0.395 0.841 0.029 0.549 0.849 0.313 0.949 
0.545 0.311 0.639 0.075 0.349 0.665 0.445 0.333 0.425 
0.685 0.889 0.413 0.073 0.177 0.435 0.695 0.959 0.035 
0.191 0.743 0.271 0.015 0.581 0.699 0.071 0.505 0.297 
0.919 0.079 0.109 0.175 0.901 0.735 0.639 0.259 0.499 
0.331 0.631 0.213 0.977 0.801 0.459 0.301 0.637 0.443 
0.093 0.305 0.893 0.631 0.027 0.527 0.675 0.443 0.485 
0.429 0.143 0.173 0.443 0.875 0.981 0.611 0.537 0.021 
0.927 0.619 0.361 0.411 0.411 0.479 0.085 0.503 0.789 
0.115 0.393 0.311 0.049 0.799 0.857 0.185 0.499 0.205 
0.965 0.217 0.847 0.213 0.617 0.143 0.157 0.941 0.567 
0.717 0.849 0.243 0.903 0.525 0.381 0.671 0.579 0.319 
0.453 0.249 0.595 0.231 0.017 0.561 0.769 0.341 0.041 
0.519 0.087 0.831 0.299 0.817 0.331 0.817 0.595 0.683 
0.271 0.411 0.503 0.953 0.441 0.863 0.429 0.071 0.197 
0.015 0.291 0.789 0.187 0.903 0.859 0.587 0.605 0.309 
0.781 0.649 0.379 0.891 0.193 0.569 0.017 0.643 0.475 
0.479 0.789 0.255 0.355 0.281 0.993 0.845 0.289 0.491 
0.425 0.597 0.471 0.257 0.371 0.337 0.747 0.309 0.771 
0.629 0.895 0.895 0.275 0.983 0.717 0.645 0.543 0.553 
0.179 0.871 0.245 0.659 0.729 0.145 0.525 0.093 0.199 
0.811 0.541 0.951 0.837 0.427 0.375 0.059 0.385 0.695 
0.555 0.571 0.403 0.653 0.859 0.349 0.483 0.817 0.347 
0.947 0.001 0.837 0.895 0.317 0.165 0.915 0.691 0.711 
0.049 0.741 0.755 0.327 0.757 0.691 0.469 0.023 0.709 
0.255 0.641 0.889 0.821 0.065 0.297 0.313 0.387 0.073 
0.877 0.933 0.023 0.053 0.009 0.483 0.863 0.733 0.261 
0.777 0.599 0.123 0.769 0.521 0.401 0.959 0.393 0.209 
0.633 0.171 0.647 0.785 0.263 0.677 0.043 0.011 0.911 
0.735 0.457 0.619 0.875 0.471 0.813 0.779 0.187 0.077 
0.029 0.345 0.835 0.539 0.831 0.799 0.031 0.219 0.231 
0.827 0.239 0.451 0.483 0.037 0.023 0.741 0.151 0.503 
0.803 0.575 0.723 0.345 0.167 0.339 0.755 0.519 0.119 
0.497 0.103 0.323 0.307 0.039 0.679 0.513 0.311 0.637 
0.305 0.891 0.721 0.709 0.809 0.323 0.287 0.249 0.437 
0.765 0.313 0.029 0.633 0.031 0.179 0.111 0.693 0.797 
0.157 0.129 0.649 0.917 0.639 0.989 0.533 0.107 0.647 
0.279 0.539 0.981 0.287 0.025 0.135 0.677 0.639 0.215 
0.353 0.527 0.615 0.681 0.837 0.475 0.535 0.177 0.227 
0.677 0.671 0.961 0.907 0.165 0.563 0.517 0.593 0.915 
0.885 0.847 0.441 0.093 0.425 0.727 0.447 0.463 0.373 
0.987 0.233 0.843 0.627 0.079 0.085 0.309 0.911 0.001 
0.757 0.401 0.299 0.999 0.971 0.161 0.129 0.901 0.669 
0.791 0.549 0.545 0.583 0.643 0.371 0.067 0.897 0.431 
0.251 0.289 0.891 0.823 0.063 0.553 0.279 0.745 0.027 
0.181 0.023 0.059 0.845 0.845 0.603 0.691 0.487 0.933 
0.057 0.297 0.637 0.669 0.211 0.605 0.615 0.465 0.135 
0.261 0.687 0.275 0.063 0.301 0.273 0.333 0.793 0.523 
0.641 0.835 0.549 0.013 0.099 0.163 0.911 0.495 0.467 
0.977 0.095 0.605 0.037 0.965 0.865 0.607 0.171 0.221 
0.505 0.437 0.025 0.365 0.323 0.997 0.687 0.999 0.579 
0.659 0.085 0.617 0.515 0.813 0.823 0.625 0.115 0.327 
0.871 0.089 0.591 0.619 0.925 0.909 0.159 0.865 0.155 
0.815 0.119 0.209 0.923 0.795 0.041 0.905 0.191 0.017 
0.465 0.427 0.005 0.085 0.615 0.949 0.721 0.921 0.145 
0.921 0.625 0.515 0.779 0.797 0.263 0.241 0.889 0.541 
0.675 0.583 0.013 0.217 0.909 0.965 0.307 0.429 0.931 
0.121 0.429 0.999 0.177 0.513 0.887 0.543 0.335 0.343 
0.075 0.341 0.249 0.391 0.673 0.357 0.685 0.983 0.005 
0.293 0.565 0.841 0.347 0.667 0.193 0.263 0.363 0.237 
0.221 0.807 0.253 0.127 0.917 0.523 0.971 0.557 0.225 
0.033 0.845 0.945 0.131 0.329 0.307 0.183 0.149 0.817 
0.889 0.279 0.931 0.661 0.113 0.141 0.145 0.713 0.547 
0.175 0.057 0.567 0.435 0.985 0.797 0.545 0.415 0.403 
0.431 0.449 0.901 0.897 0.295 0.971 0.809 0.811 0.791 
0.671 0.617 0.197 0.121 0.469 0.853 0.269 0.951 0.881 
0.975 0.573 0.899 0.839 0.725 0.597 0.957 0.439 0.329 
0.837 0.189 0.339 0.799 0.277 0.851 0.139 0.467 0.833 
0.749 0.315 0.381 0.039 0.139 0.395 0.883 0.879 0.315 
0.211 0.545 0.993 0.865 0.201 0.203 0.901 0.875 0.823 
0.523 0.081 0.129 0.091 0.083 0.985 0.049 0.239 0.303 
0.981 0.153 0.297 0.993 0.379 0.867 0.073 0.413 0.593 
0.359 0.621 0.291 0.413 0.761 0.779 0.001 0.807 0.383 
0.299 0.511 0.127 0.243 0.169 0.317 0.853 0.229 0.987 
0.705 0.567 0.079 0.463 0.299 0.327 0.609 0.689 0.013 
0.043 0.801 0.119 0.185 0.383 0.315 0.319 0.821 0.735 
0.775 0.353 0.871 0.475 0.393 0.501 0.373 0.347 0.163 
0.729 0.667 0.519 0.153 0.491 0.613 0.523 0.263 0.591 
0.409 0.501 0.707 0.601 0.627 0.021 0.189 0.235 0.103 
0.373 0.535 0.523 0.557 0.161 0.431 0.731 0.619 0.477 
0.821 0.151 0.433 0.909 0.447 0.625 0.987 0.753 0.191 
0.679 0.899 0.509 0.041 0.389 0.051 0.759 0.545 0.093 
0.795 0.307 0.239 0.637 0.893 0.243 0.233 0.861 0.743 
0.951 0.385 0.537 0.097 0.205 0.987 0.493 0.661 0.777 
0.495 0.569 0.569 0.751 0.579 0.425 0.501 0.783 0.065 
0.003 0.479 0.677 0.277 0.653 0.929 0.317 0.407 0.009 
0.941 0.519 0.049 0.595 0.987 0.097 0.969 0.489 0.211 
0.589 0.395 0.765 0.889 0.921 0.377 0.647 0.773 0.677 
0.823 0.627 0.795 0.417 0.055 0.369 0.207 0.809 0.779 
0.715 0.843 0.375 0.711 0.071 0.253 0.709 0.029 0.587 
0.979 0.957 0.535 0.931 0.153 0.065 0.187 0.553 0.615 
0.831 0.809 0.749 0.409 0.213 0.181 0.423 0.685 0.773 
0.177 0.205 0.015 0.719 0.517 0.125 0.757 0.779 0.189 
0.455 0.883 0.861 0.861 0.261 0.663 0.649 0.327 0.463 
0.789 0.203 0.975 0.373 0.679 0.533 0.195 0.735 0.517 
0.763 0.905 0.669 0.313 0.457 0.195 0.289 0.513 0.219 
0.139 0.319 0.033 0.179 0.005 0.629 0.101 0.293 0.525 
0.363 0.033 0.547 0.451 0.677 0.103 0.457 0.615 0.761 
0.149 0.509 0.447 0.461 0.171 0.255 0.481 0.635 0.353 
0.693 0.685 0.737 0.797 0.189 0.293 0.419 0.709 0.003 
0.407 0.629 0.851 0.639 0.075 0.511 0.479 0.719 0.857 
0.283 0.039 0.317 0.445 0.963 0.275 0.499 0.353 0.015 
0.341 0.955 0.355 0.481 0.573 0.451 0.051 0.767 0.505 
0.195 0.373 0.501 0.339 0.841 0.477 0.815 0.893 0.067 
0.665 0.581 0.829 0.789 0.121 0.585 0.945 0.567 0.239 
0.295 0.985 0.659 0.429 0.843 0.827 0.369 0.907 0.745 
0.347 0.559 0.779 0.901 0.545 0.341 0.549 0.787 0.175 
0.385 0.379 0.513 0.783 0.315 0.723 0.439 0.207 0.351 
0.077 0.321 0.445 0.763 0.255 0.417 0.063 0.031 0.759 
0.645 0.191 0.713 0.523 0.035 0.759 0.377 0.775 0.047 
0.859 0.415 0.493 0.393 0.663 0.899 0.875 0.923 0.321 
0.991 0.183 0.117 0.945 0.777 0.055 0.219 0.253 0.737 
0.783 0.993 0.309 0.349 0.453 0.809 0.227 0.411 0.249 
0.127 0.991 0.731 0.533 0.405 0.311 0.255 0.121 0.193 
0.065 0.719 0.485 0.581 0.829 0.539 0.341 0.419 0.943 
0.119 0.027 0.739 0.191 0.241 0.749 0.563 0.095 0.369 
0.937 0.857 0.621 0.919 0.109 0.211 0.205 0.837 0.785 
0.817 0.937 0.211 0.615 0.717 0.567 0.149 0.945 0.699 
0.237 0.195 0.475 0.467 0.199 0.979 0.015 0.955 0.835 
0.461 0.075 0.689 0.809 0.767 0.713 0.135 0.961 0.139 
0.515 0.463 0.257 0.913 0.779 0.925 0.297 0.461 0.873 
0.007 0.407 0.405 0.145 0.891 0.223 0.953 0.997 0.185 
0.737 0.045 0.919 0.441 0.179 0.955 0.329 0.681 0.457 
0.427 0.309 0.927 0.727 0.631 0.397 0.047 0.377 0.159 
0.483 0.285 0.983 0.529 0.821 0.463 0.147 0.559 0.371 
0.343 0.413 0.137 0.083 0.237 0.937 0.343 0.863 0.975 
0.553 0.447 0.483 0.363 0.641 0.257 0.397 0.763 0.729 
0.929 0.517 0.417 0.021 0.249 0.441 0.851 0.101 0.295 
0.153 0.505 0.589 0.215 0.769 0.607 0.293 0.965 0.081 
0.655 0.163 0.933 0.351 0.335 0.359 0.681 0.471 0.685 
0.393 0.851 0.457 0.169 0.943 0.785 0.175 0.035 0.345 
0.875 0.371 0.991 0.425 0.969 0.819 0.893 0.421 0.767 
0.761 0.053 0.301 0.877 0.209 0.471 0.375 0.953 0.935 
0.047 0.655 0.543 0.055 0.685 0.071 0.247 0.067 0.349 
0.397 0.041 0.477 0.335 0.051 0.187 0.635 0.601 0.427 
0.683 0.257 0.529 0.765 0.711 0.715 0.717 0.481 0.573 
0.357 0.499 0.027 0.813 0.687 0.205 0.561 0.587 0.837 
0.581 0.059 0.853 0.141 0.911 0.515 0.917 0.777 0.805 
0.079 0.729 0.367 0.219 0.955 0.649 0.573 0.355 0.983 
0.011 0.929 0.265 0.457 0.455 0.895 0.791 0.957 0.461 
0.051 0.999 0.217 0.687 0.569 0.555 0.837 0.759 0.375 
0.297 0.155 0.967 0.333 0.367 0.545 0.887 0.937 0.997 
0.779 0.017 0.735 0.255 0.975 0.415 0.955 0.205 0.619 
0.893 0.767 0.877 0.469 0.835 0.693 0.727 0.269 0.869 
0.265 0.921 0.955 0.955 0.709 0.439 0.923 0.299 0.825 
0.727 0.677 0.565 0.611 0.501 0.923 0.041 0.401 0.811 
0.825 0.161 0.923 0.537 0.775 0.265 0.401 0.873 0.799 
0.069 0.383 0.247 0.115 0.185 0.467 0.381 0.845 0.775 
0.055 0.037 0.699 0.893 0.701 0.239 0.591 0.069 0.607 
0.579 0.259 0.283 0.367 0.487 0.795 0.835 0.391 0.247 
0.313 0.387 0.571 0.757 0.689 0.069 0.599 0.405 0.173 
0.527 0.723 0.747 0.563 0.967 0.033 0.869 0.065 0.273 
0.721 0.381 0.393 0.107 0.059 0.719 0.171 0.015 0.731 
0.971 0.213 0.369 0.023 0.251 0.777 0.829 0.967 0.217 
0.755 0.751 0.665 0.545 0.863 0.817 0.907 0.409 0.011 
0.797 0.263 0.307 0.935 0.549 0.329 0.929 0.449 0.049 
0.807 0.101 0.867 0.035 0.715 0.059 0.161 0.831 0.543 
0.031 0.303 0.397 0.857 0.097 0.303 0.799 0.515 0.391 
0.855 0.943 0.233 0.079 0.197 0.855 0.197 0.919 0.111 
0.983 0.281 0.237 0.929 0.823 0.579 0.417 0.993 0.707 
0.625 0.465 0.815 0.933 0.265 0.035 0.977 0.435 0.893 
0.345 0.253 0.269 0.947 0.697 0.741 0.395 0.891 0.441 
0.915 0.579 0.633 0.487 0.531 0.189 0.351 0.599 0.739 
0.325 0.063 0.957 0.267 0.089 0.745 0.637 0.801 0.109 
0.169 0.003 0.791 0.305 0.537 0.289 0.771 0.141 0.691 
0.083 0.481 0.963 0.479 0.833 0.833 0.633 0.055 0.363 
0.301 0.459 0.083 0.939 0.235 0.305 0.655 0.345 0.097 
0.605 0.601 0.937 0.621 0.365 0.771 0.891 0.525 0.405 
0.653 0.069 0.373 0.269 0.041 0.453 0.459 0.609 0.099 
0.167 0.333 0.683 0.077 0.287 0.843 0.743 0.929 0.445 
0.405 0.485 0.071 0.159 0.899 0.197 0.411 0.971 0.433 
0.861 0.221 0.219 0.359 0.489 0.617 0.857 0.139 0.701 
0.389 0.907 0.491 0.713 0.669 0.383 0.889 0.491 0.555 
0.985 0.405 0.435 0.125 0.157 0.583 0.925 0.307 0.625 
0.557 0.887 0.525 0.811 0.233 0.921 0.431 0.047 0.635 
0.611 0.299 0.439 0.899 0.239 0.087 0.627 0.623 0.299 
0.101 0.927 0.143 0.001 0.949 0.313 0.467 0.511 0.333 
0.723 0.439 0.351 0.983 0.485 0.191 0.095 0.315 0.117 
0.851 0.019 0.145 0.147 0.247 0.689 0.673 0.531 0.487 
0.661 0.935 0.915 0.741 0.771 0.107 0.091 0.757 0.549 
0.993 0.361 0.969 0.905 0.395 0.227 0.311 0.279 0.275 
0.145 0.817 0.673 0.245 0.225 0.269 0.965 0.199 0.069 
0.551 0.469 0.973 0.703 0.147 0.099 0.777 0.195 0.563 
0.413 0.717 0.125 0.657 0.021 0.573 0.271 0.281 0.955 
0.477 0.609 0.775 0.787 0.879 0.755 0.093 0.131 0.153 
0.209 0.287 0.293 0.301 0.527 0.177 0.963 0.591 0.929 
0.631 0.725 0.065 0.869 0.135 0.889 0.763 0.909 0.721 
0.303 0.461 0.797 0.835 0.547 0.115 0.081 0.665 0.995 
0.339 0.683 0.161 0.827 0.905 0.927 0.103 0.185 0.229 
0.231 0.699 0.055 0.155 0.451 0.281 0.325 0.371 0.287 
0.039 0.763 0.793 0.497 0.069 0.935 0.127 0.797 0.479 
0.973 0.973 0.875 0.247 0.973 0.063 0.765 0.399 0.921 
0.475 0.643 0.163 0.643 0.227 0.683 0.229 0.493 0.121 
0.489 0.269 0.719 0.501 0.187 0.105 0.155 0.477 0.083 
0.085 0.141 0.559 0.123 0.787 0.911 0.131 0.357 0.087 
0.917 0.523 0.325 0.111 0.587 0.731 0.215 0.715 0.033 
0.593 0.359 0.467 0.775 0.535 0.075 0.859 0.739 0.829 
0.751 0.739 0.781 0.273 0.207 0.883 0.537 0.379 0.655 
0.471 0.065 0.011 0.829 0.887 0.999 0.749 0.903 0.899 
0.205 0.633 0.407 0.927 0.867 0.231 0.897 0.163 0.843 
0.931 0.749 0.971 0.089 0.931 0.361 0.115 0.005 0.171 
0.493 0.693 0.533 0.969 0.267 0.363 0.705 0.403 0.859 
0.485 0.787 0.087 0.525 0.747 0.943 0.291 0.417 0.667 
0.401 0.967 0.803 0.087 0.861 0.991 0.123 0.749 0.423 
0.955 0.533 0.613 0.521 0.419 0.067 0.601 0.173 0.879 
0.529 0.829 0.231 0.227 0.477 0.419 0.719 0.963 0.465 
