0.735 0.745 0.315 0.885 0.655 0.985 0.805 0.105 0.165 
0.835 0.025 0.265 0.075 0.715 0.685 0.565 0.695 0.745 
0.225 0.335 0.015 0.505 0.815 0.655 0.815 0.975 0.375 
0.415 0.835 0.885 0.395 0.145 0.865 0.975 0.865 0.215 
0.885 0.865 0.575 0.805 0.685 0.945 0.865 0.805 0.765 
0.565 0.305 0.085 0.135 0.845 0.185 0.115 0.955 0.065 
0.865 0.955 0.675 0.415 0.995 0.845 0.485 0.535 0.355 
0.895 0.845 0.395 0.555 0.405 0.275 0.585 0.525 0.315 
0.595 0.605 0.895 0.065 0.215 0.165 0.775 0.355 0.395 
0.285 0.645 0.795 0.685 0.435 0.855 0.945 0.165 0.985 
0.245 0.875 0.695 0.935 0.175 0.475 0.465 0.735 0.915 
0.575 0.565 0.455 0.905 0.745 0.215 0.455 0.005 0.025 
0.055 0.855 0.355 0.655 0.375 0.875 0.375 0.055 0.185 
0.125 0.465 0.075 0.855 0.695 0.735 0.545 0.285 0.645 
0.555 0.355 0.865 0.735 0.805 0.795 0.855 0.265 0.685 
0.645 0.105 0.305 0.375 0.045 0.305 0.195 0.175 0.875 
0.795 0.055 0.615 0.755 0.665 0.935 0.645 0.385 0.295 
0.085 0.695 0.285 0.915 0.455 0.025 0.265 0.085 0.505 
0.545 0.365 0.435 0.995 0.065 0.105 0.665 0.845 0.195 
0.955 0.455 0.815 0.635 0.785 0.745 0.075 0.545 0.155 
0.805 0.145 0.605 0.255 0.775 0.585 0.025 0.375 0.305 
0.315 0.825 0.645 0.515 0.675 0.955 0.845 0.365 0.955 
0.935 0.735 0.065 0.085 0.255 0.625 0.635 0.685 0.675 
0.925 0.615 0.255 0.695 0.275 0.835 0.705 0.205 0.545 
0.815 0.185 0.585 0.215 0.335 0.775 0.035 0.435 0.855 
0.355 0.325 0.835 0.485 0.465 0.825 0.055 0.925 0.005 
0.525 0.265 0.275 0.675 0.035 0.815 0.125 0.635 0.995 
0.395 0.135 0.185 0.955 0.915 0.415 0.835 0.835 0.225 
0.985 0.405 0.775 0.975 0.385 0.725 0.685 0.335 0.055 
0.295 0.005 0.105 0.005 0.905 0.765 0.155 0.485 0.145 
0.175 0.415 0.485 0.775 0.475 0.465 0.795 0.935 0.965 
0.995 0.725 0.995 0.865 0.755 0.045 0.215 0.195 0.665 
0.325 0.435 0.505 0.315 0.825 0.915 0.515 0.395 0.015 
0.035 0.505 0.025 0.925 0.735 0.565 0.165 0.615 0.075 
0.215 0.035 0.925 0.985 0.315 0.925 0.695 0.255 0.535 
0.465 0.245 0.195 0.435 0.935 0.315 0.255 0.075 0.905 
0.825 0.625 0.415 0.475 0.185 0.615 0.535 0.245 0.045 
0.585 0.935 0.935 0.095 0.595 0.805 0.985 0.465 0.735 
0.485 0.545 0.175 0.425 0.795 0.645 0.935 0.705 0.835 
0.205 0.515 0.845 0.155 0.235 0.665 0.405 0.455 0.475 
0.765 0.765 0.625 0.665 0.055 0.265 0.905 0.515 0.565 
0.515 0.215 0.875 0.325 0.025 0.595 0.605 0.155 0.585 
0.385 0.295 0.945 0.575 0.395 0.425 0.475 0.995 0.135 
0.875 0.345 0.055 0.105 0.075 0.035 0.435 0.815 0.725 
0.665 0.685 0.095 0.335 0.575 0.345 0.245 0.405 0.325 
0.655 0.375 0.125 0.185 0.205 0.175 0.185 0.045 0.695 
0.745 0.715 0.425 0.785 0.425 0.075 0.995 0.115 0.825 
0.115 0.585 0.555 0.565 0.635 0.885 0.765 0.095 0.495 
0.305 0.395 0.335 0.225 0.625 0.515 0.275 0.625 0.205 
0.335 0.445 0.035 0.275 0.295 0.085 0.745 0.325 0.405 
0.775 0.595 0.965 0.285 0.565 0.535 0.295 0.715 0.555 
0.235 0.165 0.685 0.235 0.555 0.295 0.885 0.185 0.085 
0.375 0.755 0.475 0.525 0.345 0.405 0.175 0.295 0.705 
0.075 0.655 0.135 0.125 0.265 0.125 0.105 0.585 0.945 
0.265 0.555 0.725 0.035 0.165 0.505 0.345 0.065 0.525 
0.365 0.125 0.375 0.725 0.525 0.545 0.785 0.675 0.755 
0.715 0.275 0.115 0.305 0.285 0.435 0.385 0.145 0.795 
0.475 0.045 0.535 0.175 0.975 0.335 0.065 0.015 0.815 
0.615 0.195 0.235 0.195 0.955 0.635 0.915 0.135 0.095 
0.695 0.965 0.345 0.705 0.605 0.355 0.305 0.725 0.115 
0.025 0.015 0.745 0.825 0.615 0.575 0.005 0.035 0.485 
0.435 0.535 0.225 0.385 0.245 0.145 0.575 0.915 0.425 
0.975 0.905 0.565 0.585 0.095 0.445 0.335 0.565 0.975 
0.185 0.885 0.705 0.145 0.645 0.015 0.735 0.215 0.335 
0.945 0.075 0.825 0.045 0.355 0.155 0.425 0.795 0.175 
0.635 0.975 0.635 0.845 0.115 0.995 0.625 0.305 0.715 
0.095 0.665 0.445 0.495 0.305 0.365 0.205 0.575 0.455 
0.195 0.995 0.855 0.115 0.325 0.485 0.595 0.475 0.845 
0.905 0.485 0.785 0.595 0.125 0.235 0.725 0.445 0.275 
0.155 0.285 0.295 0.295 0.445 0.065 0.875 0.125 0.775 
0.165 0.575 0.515 0.355 0.135 0.395 0.145 0.495 0.865 
0.915 0.945 0.955 0.405 0.495 0.495 0.495 0.025 0.635 
0.505 0.255 0.405 0.965 0.585 0.675 0.015 0.745 0.385 
0.005 0.985 0.915 0.345 0.005 0.785 0.615 0.885 0.465 
0.755 0.775 0.805 0.875 0.365 0.115 0.655 0.785 0.805 
0.135 0.115 0.385 0.815 0.485 0.135 0.045 0.765 0.105 
0.065 0.225 0.595 0.945 0.855 0.325 0.285 0.665 0.415 
0.255 0.705 0.325 0.365 0.835 0.905 0.415 0.655 0.265 
0.275 0.785 0.715 0.765 0.085 0.195 0.235 0.855 0.235 
0.425 0.815 0.765 0.205 0.885 0.245 0.445 0.345 0.885 
0.455 0.915 0.245 0.545 0.225 0.705 0.825 0.555 0.575 
0.685 0.095 0.495 0.165 0.895 0.605 0.225 0.415 0.245 
0.535 0.315 0.735 0.445 0.725 0.965 0.965 0.595 0.345 
0.045 0.065 0.005 0.795 0.705 0.285 0.095 0.235 0.625 
0.495 0.205 0.985 0.605 0.765 0.375 0.355 0.425 0.285 
0.855 0.525 0.155 0.055 0.505 0.225 0.925 0.755 0.035 
0.405 0.895 0.665 0.015 0.195 0.555 0.135 0.505 0.365 
0.105 0.635 0.365 0.625 0.105 0.005 0.325 0.825 0.615 
0.015 0.235 0.465 0.265 0.965 0.525 0.895 0.605 0.515 
0.445 0.495 0.215 0.745 0.985 0.695 0.755 0.225 0.935 
0.965 0.425 0.045 0.715 0.415 0.755 0.085 0.875 0.445 
0.145 0.475 0.165 0.025 0.015 0.895 0.715 0.645 0.925 
0.785 0.925 0.545 0.245 0.865 0.055 0.505 0.895 0.785 
0.845 0.175 0.755 0.465 0.535 0.205 0.525 0.275 0.435 
0.625 0.805 0.205 0.535 0.545 0.975 0.315 0.985 0.605 
0.345 0.795 0.145 0.835 0.155 0.715 0.555 0.965 0.595 
0.605 0.385 0.905 0.895 0.945 0.095 0.675 0.315 0.125 
0.675 0.675 0.655 0.615 0.925 0.255 0.395 0.775 0.895 
0.725 0.085 0.525 0.645 0.515 0.455 0.955 0.905 0.255 
0.705 0.155 0.975 0.455 0.875 0.385 0.365 0.945 0.655 
